Monthly El Nino Sea Surface Temperature (degrees Celsius)
Year.Month    SST (!Uo!NC)
1871.041667  -0.44
1871.125000   0.00
1871.208333   0.08
1871.291667   0.02
1871.375000  -0.47
1871.458333  -0.43
1871.541667  -0.30
1871.625000  -0.25
1871.708333  -0.04
1871.791667  -0.30
1871.875000  -0.16
1871.958333  -0.83
1872.041667  -0.29
1872.125000  -0.65
1872.208333  -0.37
1872.291667  -0.58
1872.375000  -0.78
1872.458333  -0.62
1872.541667  -0.53
1872.625000  -0.66
1872.708333  -0.47
1872.791667  -0.78
1872.875000  -0.74
1872.958333  -0.94
1873.041667  -0.86
1873.125000  -0.78
1873.208333  -1.14
1873.291667  -1.02
1873.375000  -0.56
1873.458333  -0.58
1873.541667  -0.55
1873.625000  -0.13
1873.708333  -0.42
1873.791667  -0.77
1873.875000  -0.66
1873.958333  -0.76
1874.041667  -0.91
1874.125000  -1.07
1874.208333  -1.06
1874.291667  -1.21
1874.375000  -0.46
1874.458333  -0.64
1874.541667  -1.05
1874.625000  -0.89
1874.708333  -0.81
1874.791667  -0.74
1874.875000  -0.92
1874.958333  -0.93
1875.041667  -0.43
1875.125000  -0.28
1875.208333  -0.45
1875.291667  -0.53
1875.375000  -0.59
1875.458333  -0.34
1875.541667  -0.45
1875.625000  -0.57
1875.708333  -0.58
1875.791667  -0.55
1875.875000  -0.75
1875.958333  -0.91
1876.041667  -1.18
1876.125000  -1.17
1876.208333  -1.21
1876.291667  -1.32
1876.375000  -1.00
1876.458333  -0.08
1876.541667   0.08
1876.625000  -0.01
1876.708333   0.24
1876.791667   0.33
1876.875000   0.52
1876.958333   0.48
1877.041667   0.21
1877.125000   0.46
1877.208333   0.59
1877.291667   0.88
1877.375000   1.21
1877.458333   0.92
1877.541667   1.71
1877.625000   2.22
1877.708333   2.42
1877.791667   2.39
1877.875000   2.44
1877.958333   2.62
1878.041667   2.61
1878.125000   2.70
1878.208333   1.79
1878.291667   0.86
1878.375000   0.80
1878.458333   0.76
1878.541667   0.17
1878.625000   0.11
1878.708333  -0.02
1878.791667  -0.02
1878.875000  -0.08
1878.958333  -0.15
1879.041667  -0.03
1879.125000  -0.41
1879.208333  -0.51
1879.291667  -0.72
1879.375000  -0.75
1879.458333  -0.67
1879.541667  -0.35
1879.625000  -0.42
1879.708333  -0.41
1879.791667  -0.54
1879.875000  -0.79
1879.958333  -0.93
1880.041667  -0.87
1880.125000  -0.36
1880.208333  -0.14
1880.291667  -0.05
1880.375000   0.00
1880.458333  -0.26
1880.541667  -0.07
1880.625000   0.15
1880.708333   0.41
1880.791667   0.45
1880.875000   0.59
1880.958333   0.40
1881.041667   0.50
1881.125000   0.55
1881.208333   0.56
1881.291667   0.45
1881.375000   0.23
1881.458333   0.08
1881.541667  -0.10
1881.625000  -0.16
1881.708333  -0.21
1881.791667  -0.24
1881.875000  -0.38
1881.958333  -0.45
1882.041667  -0.55
1882.125000  -0.43
1882.208333  -0.23
1882.291667  -0.06
1882.375000  -0.09
1882.458333  -0.53
1882.541667  -0.66
1882.625000  -0.60
1882.708333  -0.51
1882.791667  -0.36
1882.875000  -0.48
1882.958333  -0.55
1883.041667  -0.53
1883.125000  -0.32
1883.208333   0.01
1883.291667   0.23
1883.375000   0.02
1883.458333   0.21
1883.541667   0.22
1883.625000  -0.05
1883.708333  -0.06
1883.791667   0.11
1883.875000   0.51
1883.958333  -0.12
1884.041667  -0.21
1884.125000  -0.10
1884.208333   0.19
1884.291667   0.56
1884.375000   0.24
1884.458333  -0.03
1884.541667   0.04
1884.625000   0.18
1884.708333   0.50
1884.791667   0.76
1884.875000   0.85
1884.958333   0.77
1885.041667   0.42
1885.125000   0.34
1885.208333   0.09
1885.291667   0.24
1885.375000   0.28
1885.458333  -0.21
1885.541667   0.02
1885.625000   0.32
1885.708333   0.50
1885.791667   0.83
1885.875000   1.11
1885.958333   1.02
1886.041667   0.18
1886.125000  -0.35
1886.208333  -0.70
1886.291667  -0.72
1886.375000  -1.09
1886.458333  -0.87
1886.541667  -0.88
1886.625000  -0.86
1886.708333  -0.61
1886.791667  -0.79
1886.875000  -0.97
1886.958333  -1.07
1887.041667  -0.94
1887.125000  -0.70
1887.208333  -0.45
1887.291667  -0.25
1887.375000  -0.52
1887.458333  -0.16
1887.541667  -0.18
1887.625000  -0.07
1887.708333  -0.01
1887.791667   0.04
1887.875000   0.06
1887.958333   0.21
1888.041667   0.16
1888.125000   0.43
1888.208333   0.59
1888.291667   0.71
1888.375000   0.84
1888.458333   0.90
1888.541667   0.98
1888.625000   1.05
1888.708333   1.46
1888.791667   1.60
1888.875000   1.81
1888.958333   2.02
1889.041667   1.94
1889.125000   1.62
1889.208333   1.29
1889.291667   0.76
1889.375000   0.34
1889.458333  -0.05
1889.541667  -0.57
1889.625000  -0.82
1889.708333  -0.94
1889.791667  -0.92
1889.875000  -0.73
1889.958333  -1.02
1890.041667  -0.85
1890.125000  -1.26
1890.208333  -0.37
1890.291667  -0.46
1890.375000  -0.39
1890.458333  -0.34
1890.541667  -0.43
1890.625000  -0.53
1890.708333  -0.39
1890.791667  -0.64
1890.875000  -0.82
1890.958333  -0.58
1891.041667  -0.07
1891.125000   0.01
1891.208333   0.35
1891.291667   0.53
1891.375000   0.73
1891.458333   0.76
1891.541667   0.77
1891.625000   0.14
1891.708333   0.10
1891.791667  -0.09
1891.875000   0.08
1891.958333   0.03
1892.041667   0.09
1892.125000  -0.11
1892.208333  -0.43
1892.291667  -0.57
1892.375000  -0.81
1892.458333  -0.89
1892.541667  -0.92
1892.625000  -0.92
1892.708333  -0.95
1892.791667  -1.29
1892.875000  -1.55
1892.958333  -1.29
1893.041667  -1.26
1893.125000  -1.06
1893.208333  -0.91
1893.291667  -1.02
1893.375000  -0.95
1893.458333  -0.97
1893.541667  -0.72
1893.625000  -0.89
1893.708333  -0.90
1893.791667  -1.10
1893.875000  -0.82
1893.958333  -0.94
1894.041667  -0.96
1894.125000  -0.89
1894.208333  -0.70
1894.291667  -0.54
1894.375000  -0.51
1894.458333  -0.26
1894.541667  -0.22
1894.625000  -0.40
1894.708333  -0.57
1894.791667  -0.51
1894.875000  -0.55
1894.958333  -0.52
1895.041667  -0.28
1895.125000  -0.30
1895.208333  -0.51
1895.291667  -0.24
1895.375000   0.00
1895.458333   0.15
1895.541667   0.26
1895.625000   0.34
1895.708333   0.48
1895.791667   0.67
1895.875000   0.60
1895.958333   0.51
1896.041667   0.22
1896.125000   0.23
1896.208333   0.13
1896.291667   0.19
1896.375000   0.26
1896.458333   0.26
1896.541667   0.68
1896.625000   1.00
1896.708333   1.24
1896.791667   1.30
1896.875000   1.56
1896.958333   1.70
1897.041667   1.61
1897.125000   1.08
1897.208333   0.66
1897.291667   0.08
1897.375000  -0.01
1897.458333  -0.01
1897.541667   0.12
1897.625000   0.00
1897.708333   0.07
1897.791667  -0.15
1897.875000  -0.28
1897.958333  -0.46
1898.041667  -0.39
1898.125000  -0.46
1898.208333  -0.50
1898.291667  -0.59
1898.375000  -0.31
1898.458333  -0.31
1898.541667  -0.33
1898.625000  -0.46
1898.708333  -0.50
1898.791667  -0.38
1898.875000  -0.37
1898.958333  -0.39
1899.041667  -0.38
1899.125000  -0.45
1899.208333  -0.27
1899.291667   0.30
1899.375000   0.42
1899.458333   0.59
1899.541667   0.82
1899.625000   1.03
1899.708333   1.15
1899.791667   1.37
1899.875000   1.76
1899.958333   1.56
1900.041667   1.44
1900.125000   1.25
1900.208333   1.14
1900.291667   0.94
1900.375000   0.83
1900.458333   0.82
1900.541667   0.94
1900.625000   0.47
1900.708333   0.20
1900.791667   0.09
1900.875000   0.21
1900.958333   0.27
1901.041667   0.27
1901.125000   0.18
1901.208333   0.19
1901.291667  -0.02
1901.375000  -0.15
1901.458333  -0.49
1901.541667  -0.40
1901.625000  -0.46
1901.708333  -0.17
1901.791667   0.01
1901.875000   0.25
1901.958333   0.22
1902.041667   0.05
1902.125000   0.10
1902.208333   0.27
1902.291667   0.37
1902.375000   0.68
1902.458333   1.08
1902.541667   1.39
1902.625000   1.43
1902.708333   1.29
1902.791667   1.50
1902.875000   1.59
1902.958333   1.61
1903.041667   1.40
1903.125000   1.06
1903.208333   0.40
1903.291667   0.06
1903.375000  -0.36
1903.458333  -0.45
1903.541667  -0.53
1903.625000  -0.80
1903.708333  -0.83
1903.791667  -0.96
1903.875000  -1.03
1903.958333  -0.93
1904.041667  -0.77
1904.125000  -0.35
1904.208333  -0.22
1904.291667  -0.19
1904.375000   0.04
1904.458333   0.33
1904.541667   0.57
1904.625000   0.65
1904.708333   0.72
1904.791667   0.62
1904.875000   0.89
1904.958333   0.85
1905.041667   0.86
1905.125000   0.81
1905.208333   0.74
1905.291667   1.40
1905.375000   1.47
1905.458333   1.44
1905.541667   1.22
1905.625000   1.13
1905.708333   1.14
1905.791667   1.00
1905.875000   1.06
1905.958333   1.01
1906.041667   0.74
1906.125000   0.44
1906.208333   0.20
1906.291667  -0.24
1906.375000  -0.32
1906.458333  -0.47
1906.541667  -0.60
1906.625000  -0.76
1906.708333  -0.81
1906.791667  -0.76
1906.875000  -0.93
1906.958333  -0.91
1907.041667  -0.75
1907.125000  -0.63
1907.208333  -0.54
1907.291667  -0.68
1907.375000  -0.38
1907.458333  -0.27
1907.541667  -0.25
1907.625000  -0.06
1907.708333  -0.21
1907.791667  -0.27
1907.875000  -0.25
1907.958333  -0.15
1908.041667  -0.02
1908.125000  -0.20
1908.208333  -0.18
1908.291667  -0.42
1908.375000  -0.53
1908.458333  -0.45
1908.541667  -0.43
1908.625000  -0.57
1908.708333  -0.73
1908.791667  -0.79
1908.875000  -0.79
1908.958333  -0.85
1909.041667  -0.97
1909.125000  -0.83
1909.208333  -0.53
1909.291667  -0.56
1909.375000  -0.68
1909.458333  -0.62
1909.541667  -0.61
1909.625000  -0.82
1909.708333  -1.32
1909.791667  -1.36
1909.875000  -1.31
1909.958333  -1.27
1910.041667  -0.96
1910.125000  -1.01
1910.208333  -1.08
1910.291667  -1.41
1910.375000  -0.99
1910.458333  -0.73
1910.541667  -0.64
1910.625000  -0.88
1910.708333  -0.89
1910.791667  -0.86
1910.875000  -0.84
1910.958333  -0.81
1911.041667  -0.86
1911.125000  -0.85
1911.208333  -0.94
1911.291667  -0.72
1911.375000  -0.40
1911.458333   0.37
1911.541667   0.61
1911.625000   0.58
1911.708333   0.51
1911.791667   1.07
1911.875000   1.15
1911.958333   1.39
1912.041667   1.09
1912.125000   1.08
1912.208333   0.80
1912.291667   0.67
1912.375000   0.07
1912.458333  -0.12
1912.541667  -0.21
1912.625000  -0.14
1912.708333  -0.15
1912.791667  -0.24
1912.875000  -0.22
1912.958333  -0.35
1913.041667  -0.19
1913.125000  -0.02
1913.208333  -0.45
1913.291667  -0.61
1913.375000  -0.58
1913.458333  -0.09
1913.541667   0.08
1913.625000   0.09
1913.708333   0.34
1913.791667   0.42
1913.875000   0.70
1913.958333   0.83
1914.041667   0.99
1914.125000   0.79
1914.208333   0.63
1914.291667   0.40
1914.375000   0.28
1914.458333   0.55
1914.541667   0.60
1914.625000   1.12
1914.708333   1.04
1914.791667   1.15
1914.875000   1.21
1914.958333   1.43
1915.041667   1.44
1915.125000   1.46
1915.208333   1.53
1915.291667   1.30
1915.375000   1.30
1915.458333   0.45
1915.541667   0.05
1915.625000  -0.09
1915.708333  -0.04
1915.791667  -0.02
1915.875000  -0.74
1915.958333  -1.08
1916.041667  -1.38
1916.125000  -1.33
1916.208333  -1.24
1916.291667  -1.22
1916.375000  -0.91
1916.458333  -0.82
1916.541667  -1.35
1916.625000  -1.68
1916.708333  -1.62
1916.791667  -1.78
1916.875000  -1.83
1916.958333  -1.68
1917.041667  -1.33
1917.125000  -1.63
1917.208333  -0.98
1917.291667  -1.06
1917.375000  -0.39
1917.458333  -0.18
1917.541667  -0.26
1917.625000  -0.68
1917.708333  -0.75
1917.791667  -0.14
1917.875000   0.06
1917.958333  -1.06
1918.041667  -1.17
1918.125000  -0.94
1918.208333  -0.80
1918.291667  -0.16
1918.375000   0.22
1918.458333   0.91
1918.541667   1.00
1918.625000   0.99
1918.708333   0.96
1918.791667   1.29
1918.875000   1.47
1918.958333   1.39
1919.041667   1.42
1919.125000   0.85
1919.208333   0.76
1919.291667   0.44
1919.375000   0.95
1919.458333   0.60
1919.541667   0.19
1919.625000   0.59
1919.708333   0.55
1919.791667   0.23
1919.875000   0.02
1919.958333   0.33
1920.041667   1.09
1920.125000   0.88
1920.208333   0.24
1920.291667  -0.31
1920.375000  -0.15
1920.458333  -0.02
1920.541667   0.27
1920.625000   0.33
1920.708333   0.38
1920.791667   0.11
1920.875000  -0.17
1920.958333   0.01
1921.041667  -0.18
1921.125000  -1.46
1921.208333  -1.62
1921.291667  -1.59
1921.375000  -0.77
1921.458333  -0.73
1921.541667  -0.32
1921.625000   0.13
1921.708333   0.16
1921.791667   0.05
1921.875000  -1.02
1921.958333  -1.04
1922.041667  -0.63
1922.125000  -0.42
1922.208333   0.09
1922.291667   0.26
1922.375000  -0.36
1922.458333  -1.38
1922.541667  -1.79
1922.625000  -2.05
1922.708333  -1.89
1922.791667  -1.12
1922.875000  -0.93
1922.958333  -0.85
1923.041667  -0.80
1923.125000  -1.28
1923.208333  -0.18
1923.291667  -0.04
1923.375000   0.70
1923.458333   0.23
1923.541667   0.05
1923.625000   0.21
1923.708333   0.38
1923.791667   0.51
1923.875000   0.64
1923.958333   0.86
1924.041667   0.38
1924.125000  -0.13
1924.208333  -0.35
1924.291667  -1.14
1924.375000  -0.47
1924.458333  -0.87
1924.541667  -0.73
1924.625000  -0.94
1924.708333  -0.88
1924.791667  -1.05
1924.875000  -0.92
1924.958333  -1.16
1925.041667  -1.07
1925.125000  -1.44
1925.208333  -0.32
1925.291667  -0.21
1925.375000  -0.09
1925.458333   0.05
1925.541667   0.71
1925.625000   0.65
1925.708333   0.32
1925.791667   0.54
1925.875000   0.78
1925.958333   1.22
1926.041667   1.02
1926.125000   1.11
1926.208333   1.04
1926.291667   0.98
1926.375000   0.79
1926.458333   0.35
1926.541667   0.15
1926.625000  -0.21
1926.708333  -0.40
1926.791667  -0.69
1926.875000  -0.32
1926.958333   0.00
1927.041667   0.19
1927.125000   0.25
1927.208333  -0.26
1927.291667  -0.92
1927.375000  -0.27
1927.458333  -0.17
1927.541667  -0.32
1927.625000   0.14
1927.708333   0.14
1927.791667   0.45
1927.875000   0.13
1927.958333   0.07
1928.041667  -0.17
1928.125000   0.13
1928.208333  -0.12
1928.291667  -0.11
1928.375000  -0.30
1928.458333  -0.43
1928.541667   0.05
1928.625000   0.10
1928.708333  -0.13
1928.791667   0.30
1928.875000  -0.21
1928.958333  -0.01
1929.041667  -0.52
1929.125000  -0.23
1929.208333  -0.10
1929.291667   0.35
1929.375000  -0.06
1929.458333   0.06
1929.541667  -0.04
1929.625000   0.20
1929.708333   0.49
1929.791667   0.17
1929.875000   0.48
1929.958333   0.07
1930.041667  -0.14
1930.125000   0.22
1930.208333   0.09
1930.291667   0.31
1930.375000   0.23
1930.458333  -0.18
1930.541667   1.03
1930.625000   0.94
1930.708333   1.18
1930.791667   1.25
1930.875000   1.76
1930.958333   1.52
1931.041667   1.53
1931.125000   1.08
1931.208333   1.15
1931.291667   0.62
1931.375000   0.04
1931.458333  -0.15
1931.541667   0.03
1931.625000   0.00
1931.708333  -0.73
1931.791667  -0.36
1931.875000  -0.81
1931.958333  -0.57
1932.041667  -0.23
1932.125000   0.04
1932.208333   0.42
1932.291667   0.53
1932.375000   0.22
1932.458333   0.49
1932.541667   0.38
1932.625000  -0.09
1932.708333   0.19
1932.791667   0.11
1932.875000   0.11
1932.958333  -0.16
1933.041667  -0.31
1933.125000  -0.10
1933.208333  -0.08
1933.291667   0.03
1933.375000  -0.65
1933.458333  -0.75
1933.541667  -0.60
1933.625000  -0.72
1933.708333  -0.81
1933.791667  -0.92
1933.875000  -1.33
1933.958333  -1.00
1934.041667  -0.63
1934.125000  -0.18
1934.208333  -0.74
1934.291667  -0.02
1934.375000   0.02
1934.458333   0.42
1934.541667   0.06
1934.625000   0.44
1934.708333   0.09
1934.791667  -0.11
1934.875000   0.07
1934.958333  -0.66
1935.041667  -0.80
1935.125000  -0.62
1935.208333  -0.70
1935.291667  -0.85
1935.375000  -0.23
1935.458333  -0.20
1935.541667  -0.11
1935.625000   0.65
1935.708333   0.72
1935.791667   0.22
1935.875000   0.43
1935.958333   0.08
1936.041667   0.07
1936.125000   0.08
1936.208333   0.07
1936.291667   0.34
1936.375000   0.42
1936.458333  -0.42
1936.541667  -0.24
1936.625000  -0.46
1936.708333  -0.29
1936.791667   0.38
1936.875000  -0.03
1936.958333  -0.66
1937.041667   0.03
1937.125000  -0.33
1937.208333   0.07
1937.291667   1.16
1937.375000  -0.36
1937.458333   0.08
1937.541667   0.17
1937.625000  -0.70
1937.708333  -0.09
1937.791667  -0.14
1937.875000  -0.49
1937.958333  -0.28
1938.041667  -1.16
1938.125000  -0.17
1938.208333  -0.25
1938.291667  -0.56
1938.375000  -0.02
1938.458333  -0.73
1938.541667  -1.98
1938.625000  -1.46
1938.708333  -0.93
1938.791667  -0.44
1938.875000  -1.12
1938.958333  -0.16
1939.041667  -0.60
1939.125000  -0.60
1939.208333  -0.81
1939.291667   0.79
1939.375000   0.62
1939.458333   0.33
1939.541667   0.20
1939.625000   0.64
1939.708333   0.09
1939.791667   0.39
1939.875000   0.27
1939.958333   0.55
1940.041667   2.40
1940.125000   1.33
1940.208333   1.83
1940.291667   1.81
1940.375000   0.89
1940.458333   0.98
1940.541667   0.54
1940.625000   0.45
1940.708333   0.79
1940.791667   0.98
1940.875000   0.00
1940.958333   0.18
1941.041667   1.80
1941.125000   0.36
1941.208333   0.99
1941.291667   1.20
1941.375000   1.23
1941.458333  -0.50
1941.541667  -0.74
1941.625000   0.00
1941.708333   0.35
1941.791667   0.62
1941.875000   1.01
1941.958333   1.25
1942.041667   0.69
1942.125000   0.47
1942.208333   0.01
1942.291667   0.25
1942.375000  -0.34
1942.458333  -0.80
1942.541667  -0.78
1942.625000  -1.38
1942.708333  -1.99
1942.791667  -1.71
1942.875000  -1.31
1942.958333  -1.21
1943.041667  -0.81
1943.125000  -1.12
1943.208333  -0.83
1943.291667   0.09
1943.375000   0.38
1943.458333   0.56
1943.541667   0.59
1943.625000   0.00
1943.708333  -0.76
1943.791667  -0.03
1943.875000  -0.23
1943.958333  -0.27
1944.041667  -0.52
1944.125000   0.48
1944.208333   0.27
1944.291667   0.94
1944.375000   0.00
1944.458333   0.24
1944.541667   0.54
1944.625000   0.55
1944.708333  -0.18
1944.791667  -0.58
1944.875000  -0.70
1944.958333  -0.26
1945.041667  -0.70
1945.125000  -0.30
1945.208333  -0.51
1945.291667   0.19
1945.375000   0.45
1945.458333   0.43
1945.541667  -0.47
1945.625000   0.29
1945.708333   0.21
1945.791667  -0.20
1945.875000  -0.50
1945.958333  -0.10
1946.041667   0.43
1946.125000   0.14
1946.208333   0.09
1946.291667   0.12
1946.375000  -0.38
1946.458333  -0.38
1946.541667  -0.60
1946.625000  -0.47
1946.708333  -1.12
1946.791667  -0.57
1946.875000  -0.64
1946.958333  -0.17
1947.041667  -0.03
1947.125000   0.06
1947.208333   0.11
1947.291667  -0.28
1947.375000  -0.38
1947.458333   0.03
1947.541667  -0.08
1947.625000  -0.37
1947.708333  -0.61
1947.791667  -0.73
1947.875000  -0.70
1947.958333  -0.40
1948.041667  -0.30
1948.125000   0.29
1948.208333   0.38
1948.291667   0.42
1948.375000  -0.15
1948.458333  -0.31
1948.541667  -0.32
1948.625000  -0.02
1948.708333  -0.63
1948.791667  -0.98
1948.875000  -0.82
1948.958333  -0.07
1949.041667  -0.74
1949.125000   0.13
1949.208333  -0.75
1949.291667  -0.06
1949.375000  -0.22
1949.458333  -0.79
1949.541667  -0.74
1949.625000  -0.24
1949.708333  -0.77
1949.791667  -1.01
1949.875000  -1.66
1949.958333  -1.46
1950.041667  -1.36
1950.125000  -1.56
1950.208333  -0.67
1950.291667  -0.92
1950.375000  -1.23
1950.458333  -0.81
1950.541667  -0.40
1950.625000  -0.12
1950.708333  -0.66
1950.791667  -0.65
1950.875000  -1.03
1950.958333  -0.77
1951.041667  -0.35
1951.125000  -0.18
1951.208333  -0.13
1951.291667  -0.24
1951.375000   0.11
1951.458333   0.20
1951.541667   0.80
1951.625000   0.57
1951.708333   0.52
1951.791667   0.99
1951.875000   0.65
1951.958333   0.63
1952.041667   0.20
1952.125000   0.30
1952.208333   0.07
1952.291667   0.03
1952.375000  -0.22
1952.458333  -0.31
1952.541667  -0.49
1952.625000  -0.26
1952.708333  -0.28
1952.791667  -0.07
1952.875000  -0.31
1952.958333  -0.51
1953.041667   0.17
1953.125000   0.61
1953.208333   0.24
1953.291667   0.49
1953.375000   0.30
1953.458333   0.56
1953.541667   0.25
1953.625000   0.05
1953.708333   0.68
1953.791667   0.08
1953.875000   0.42
1953.958333   0.16
1954.041667   0.08
1954.125000  -0.26
1954.208333  -0.14
1954.291667  -1.07
1954.375000  -0.78
1954.458333  -0.80
1954.541667  -0.77
1954.625000  -0.80
1954.708333  -0.86
1954.791667  -0.70
1954.875000  -0.70
1954.958333  -0.80
1955.041667  -0.45
1955.125000  -0.13
1955.208333  -0.47
1955.291667  -0.39
1955.375000  -0.70
1955.458333  -0.67
1955.541667  -0.42
1955.625000  -0.55
1955.708333  -1.10
1955.791667  -1.56
1955.875000  -1.63
1955.958333  -1.29
1956.041667  -0.84
1956.125000  -0.24
1956.208333  -0.04
1956.291667  -0.18
1956.375000  -0.23
1956.458333  -0.11
1956.541667  -0.47
1956.625000  -0.40
1956.708333  -0.43
1956.791667  -0.26
1956.875000  -0.69
1956.958333  -0.40
1957.041667  -0.53
1957.125000  -0.04
1957.208333   0.47
1957.291667   0.46
1957.375000   0.60
1957.458333   0.78
1957.541667   1.32
1957.625000   1.43
1957.708333   1.06
1957.791667   0.80
1957.875000   1.34
1957.958333   1.37
1958.041667   1.43
1958.125000   1.20
1958.208333   0.81
1958.291667   0.44
1958.375000   0.32
1958.458333   0.19
1958.541667   0.23
1958.625000   0.23
1958.708333  -0.22
1958.791667  -0.07
1958.875000   0.11
1958.958333   0.00
1959.041667   0.29
1959.125000   0.27
1959.208333   0.13
1959.291667   0.29
1959.375000   0.35
1959.458333  -0.17
1959.541667  -0.19
1959.625000  -0.34
1959.708333  -0.29
1959.791667  -0.01
1959.875000  -0.04
1959.958333  -0.06
1960.041667   0.11
1960.125000  -0.14
1960.208333   0.19
1960.291667  -0.21
1960.375000  -0.13
1960.458333  -0.16
1960.541667  -0.13
1960.625000   0.10
1960.708333   0.22
1960.791667  -0.35
1960.875000  -0.51
1960.958333  -0.26
1961.041667  -0.23
1961.125000   0.21
1961.208333  -0.07
1961.291667   0.46
1961.375000   0.18
1961.458333   0.52
1961.541667  -0.34
1961.625000  -0.49
1961.708333  -0.70
1961.791667  -0.64
1961.875000  -0.15
1961.958333  -0.24
1962.041667  -0.18
1962.125000  -0.22
1962.208333  -0.54
1962.291667  -0.63
1962.375000  -0.46
1962.458333  -0.38
1962.541667  -0.17
1962.625000   0.01
1962.708333  -0.44
1962.791667  -0.30
1962.875000  -0.62
1962.958333  -0.81
1963.041667  -0.36
1963.125000  -0.30
1963.208333   0.17
1963.291667   0.31
1963.375000   0.46
1963.458333   0.62
1963.541667   1.04
1963.625000   1.10
1963.708333   0.97
1963.791667   1.00
1963.875000   0.97
1963.958333   1.08
1964.041667   0.54
1964.125000   0.43
1964.208333  -0.20
1964.291667  -0.60
1964.375000  -1.20
1964.458333  -1.14
1964.541667  -0.38
1964.625000  -0.88
1964.708333  -0.67
1964.791667  -0.67
1964.875000  -0.94
1964.958333  -1.24
1965.041667  -0.53
1965.125000  -0.17
1965.208333  -0.07
1965.291667   0.16
1965.375000   0.66
1965.458333   0.75
1965.541667   1.04
1965.625000   1.47
1965.708333   1.25
1965.791667   1.35
1965.875000   1.53
1965.958333   1.40
1966.041667   1.04
1966.125000   0.53
1966.208333   0.31
1966.291667   0.23
1966.375000  -0.39
1966.458333  -0.17
1966.541667   0.01
1966.625000  -0.26
1966.708333  -0.46
1966.791667  -0.28
1966.875000  -0.40
1966.958333  -0.57
1967.041667  -0.44
1967.125000  -0.25
1967.208333  -0.42
1967.291667  -0.69
1967.375000  -0.33
1967.458333  -0.06
1967.541667  -0.28
1967.625000  -0.58
1967.708333  -0.80
1967.791667  -0.83
1967.875000  -0.75
1967.958333  -0.92
1968.041667  -1.14
1968.125000  -1.16
1968.208333  -0.94
1968.291667  -0.43
1968.375000  -0.59
1968.458333   0.16
1968.541667   0.59
1968.625000   0.55
1968.708333   0.41
1968.791667   0.39
1968.875000   0.74
1968.958333   0.86
1969.041667   0.80
1969.125000   0.80
1969.208333   0.79
1969.291667   0.56
1969.375000   1.01
1969.458333   0.77
1969.541667   0.48
1969.625000   0.51
1969.708333   0.72
1969.791667   0.99
1969.875000   0.92
1969.958333   0.96
1970.041667   0.79
1970.125000   0.47
1970.208333   0.26
1970.291667   0.00
1970.375000  -0.44
1970.458333  -0.80
1970.541667  -1.65
1970.625000  -1.42
1970.708333  -1.10
1970.791667  -0.98
1970.875000  -1.19
1970.958333  -1.50
1971.041667  -1.30
1971.125000  -1.24
1971.208333  -0.93
1971.291667  -0.60
1971.375000  -0.67
1971.458333  -0.68
1971.541667  -0.29
1971.625000  -0.56
1971.708333  -0.59
1971.791667  -0.87
1971.875000  -1.04
1971.958333  -1.06
1972.041667  -0.45
1972.125000  -0.28
1972.208333  -0.06
1972.291667   0.55
1972.375000   0.78
1972.458333   1.00
1972.541667   1.52
1972.625000   1.96
1972.708333   1.67
1972.791667   1.99
1972.875000   2.12
1972.958333   2.48
1973.041667   1.56
1973.125000   1.09
1973.208333   0.56
1973.291667  -0.22
1973.375000  -0.91
1973.458333  -0.88
1973.541667  -0.96
1973.625000  -1.10
1973.708333  -1.10
1973.791667  -1.41
1973.875000  -1.62
1973.958333  -1.60
1974.041667  -1.59
1974.125000  -1.16
1974.208333  -0.69
1974.291667  -0.40
1974.375000  -0.11
1974.458333  -0.15
1974.541667  -0.10
1974.625000   0.10
1974.708333  -0.29
1974.791667  -0.38
1974.875000  -0.38
1974.958333  -0.65
1975.041667  -0.32
1975.125000  -0.53
1975.208333  -0.47
1975.291667  -0.28
1975.375000  -0.88
1975.458333  -1.08
1975.541667  -0.72
1975.625000  -0.60
1975.708333  -0.95
1975.791667  -1.39
1975.875000  -1.04
1975.958333  -1.79
1976.041667  -1.89
1976.125000  -1.05
1976.208333  -0.46
1976.291667  -0.39
1976.375000  -0.17
1976.458333   0.55
1976.541667   0.85
1976.625000   0.88
1976.708333   1.00
1976.791667   1.21
1976.875000   1.17
1976.958333   0.87
1977.041667   1.01
1977.125000   0.60
1977.208333   0.50
1977.291667  -0.17
1977.375000  -0.03
1977.458333   0.17
1977.541667   0.20
1977.625000  -0.26
1977.708333  -0.23
1977.791667   0.49
1977.875000   0.47
1977.958333   0.40
1978.041667   0.54
1978.125000   0.32
1978.208333   0.11
1978.291667  -0.52
1978.375000  -0.48
1978.458333  -0.63
1978.541667  -0.52
1978.625000  -0.62
1978.708333  -0.56
1978.791667  -0.49
1978.875000   0.01
1978.958333   0.16
1979.041667  -0.02
1979.125000  -0.14
1979.208333   0.17
1979.291667   0.38
1979.375000   0.16
1979.458333   0.51
1979.541667   0.14
1979.625000   0.40
1979.708333   1.12
1979.791667   0.59
1979.875000   0.58
1979.958333   0.50
1980.041667   0.53
1980.125000   0.31
1980.208333   0.22
1980.291667   0.21
1980.375000   0.41
1980.458333   0.52
1980.541667   0.19
1980.625000  -0.06
1980.708333   0.00
1980.791667  -0.15
1980.875000   0.27
1980.958333   0.36
1981.041667  -0.37
1981.125000  -0.49
1981.208333   0.02
1981.291667  -0.09
1981.375000  -0.09
1981.458333   0.01
1981.541667  -0.33
1981.625000  -0.55
1981.708333  -0.13
1981.791667   0.09
1981.875000  -0.02
1981.958333   0.24
1982.041667   0.66
1982.125000   0.49
1982.208333   0.09
1982.291667   0.26
1982.375000   0.96
1982.458333   1.25
1982.541667   0.53
1982.625000   1.19
1982.708333   2.04
1982.791667   2.62
1982.875000   2.38
1982.958333   3.15
1983.041667   3.41
1983.125000   2.48
1983.208333   2.03
1983.291667   1.72
1983.375000   2.20
1983.458333   2.09
1983.541667   1.07
1983.625000   0.92
1983.708333   0.62
1983.791667  -0.51
1983.875000  -0.57
1983.958333  -0.34
1984.041667  -0.39
1984.125000   0.31
1984.208333   0.39
1984.291667   0.04
1984.375000  -0.42
1984.458333  -0.68
1984.541667  -0.10
1984.625000  -0.11
1984.708333   0.31
1984.791667  -0.53
1984.875000  -0.66
1984.958333  -1.10
1985.041667  -0.80
1985.125000  -0.36
1985.208333   0.10
1985.291667  -0.76
1985.375000  -0.58
1985.458333  -0.58
1985.541667  -0.76
1985.625000  -0.93
1985.708333  -0.43
1985.791667  -0.78
1985.875000  -0.10
1985.958333  -0.20
1986.041667  -0.34
1986.125000  -0.28
1986.208333  -0.10
1986.291667   0.41
1986.375000  -0.04
1986.458333  -0.02
1986.541667   0.16
1986.625000   0.52
1986.708333   1.03
1986.791667   1.05
1986.875000   1.13
1986.958333   0.96
1987.041667   0.86
1987.125000   1.09
1987.208333   1.19
1987.291667   0.89
1987.375000   1.32
1987.458333   0.67
1987.541667   1.23
1987.625000   1.55
1987.708333   1.86
1987.791667   1.28
1987.875000   1.30
1987.958333   1.42
1988.041667   0.98
1988.125000   0.02
1988.208333   0.27
1988.291667  -0.12
1988.375000  -0.75
1988.458333  -1.75
1988.541667  -1.78
1988.625000  -1.32
1988.708333  -0.35
1988.791667  -1.27
1988.875000  -1.41
1988.958333  -1.31
1989.041667  -1.19
1989.125000  -0.60
1989.208333  -0.53
1989.291667  -0.61
1989.375000  -0.20
1989.458333   0.26
1989.541667   0.28
1989.625000  -0.70
1989.708333  -0.06
1989.791667  -0.14
1989.875000  -0.14
1989.958333   0.16
1990.041667   0.05
1990.125000   0.74
1990.208333   0.06
1990.291667   0.52
1990.375000   0.39
1990.458333   0.44
1990.541667   0.55
1990.625000   0.51
1990.708333   0.39
1990.791667   0.13
1990.875000   0.17
1990.958333   0.79
1991.041667   0.34
1991.125000   0.56
1991.208333   0.09
1991.291667   0.44
1991.375000   0.83
1991.458333   1.20
1991.541667   1.28
1991.625000   0.91
1991.708333   0.39
1991.791667   0.76
1991.875000   1.24
1991.958333   1.12
1992.041667   1.42
1992.125000   1.24
1992.208333   1.14
1992.291667   1.27
1992.375000   1.65
1992.458333   1.35
1992.541667   0.31
1992.625000   0.02
1992.708333   0.26
1992.791667   0.12
1992.875000   0.20
1992.958333   0.39
1993.041667   0.48
1993.125000   0.64
1993.208333   0.60
1993.291667   0.90
1993.375000   1.75
1993.458333   0.84
1993.541667   0.73
1993.625000   0.64
1993.708333   0.69
1993.791667   0.28
1993.875000   0.54
1993.958333   0.37
1994.041667   0.51
1994.125000   0.58
1994.208333   0.21
1994.291667   0.29
1994.375000   0.36
1994.458333   0.31
1994.541667   0.02
1994.625000  -0.03
1994.708333   0.13
1994.791667   0.79
1994.875000   1.43
1994.958333   1.30
1995.041667   1.04
1995.125000   0.68
1995.208333   0.26
1995.291667  -0.24
1995.375000  -0.21
1995.458333   0.15
1995.541667  -0.02
1995.625000  -0.28
1995.708333  -0.32
1995.791667  -0.49
1995.875000  -0.41
1995.958333  -0.48
1996.041667  -0.32
1996.125000  -0.24
1996.208333  -0.10
1996.291667  -0.34
1996.375000  -0.83
1996.458333   0.18
1996.541667   0.17
1996.625000  -0.04
1996.708333  -0.10
1996.791667   0.12
1996.875000  -0.14
1996.958333  -0.55
1997.041667  -0.62
1997.125000  -0.32
1997.208333   0.23
1997.291667   0.44
1997.375000   1.43
1997.458333   2.13
1997.541667   2.72
1997.625000   3.10
1997.708333   3.26
1997.791667   3.54
1997.875000   3.78
1997.958333   3.92
1998.041667   3.56
1998.125000   2.73
1998.208333   2.26
1998.291667   1.83
1998.375000   1.43
1998.458333  -0.16
1998.541667  -0.14
1998.625000  -0.16
1998.708333  -0.40
1998.791667  -0.55
1998.875000  -0.62
1998.958333  -1.01
