diamond  17 站点信息2416站  2416
50136  5258  12231 434.2  4 1 漠河
50137  5328  12222 297.3  6 1 北极村
50246  5221  12443 363.0  4 1 塔河
50247  5202  12334 514.9  32 1 呼中
50349  5142  12420 496.2  16 1 新林
50353  5143  12639 178.0  2 1 呼玛
50425  5015  12011 582.3  16 1 额尔古纳市
50431  5047  12131 718.2  32 1 根河市
50434  5029  12141 733.7  2 1 图里河
50442  5024  12407 373.4  16 1 加格达奇
50445  5035  12344 424.7  32 1 鄂伦春自治旗
50468  5015  12727 171.8  16 1 爱辉
50514  4935  11719 662.3  16 1 满洲里
50524  4919  11926 578.5  32 1 陈巴尔虎旗
50525  4909  11945 621.6  32 1 鄂温克族自治旗
50526  4917  12042 670.0  32 1 牙克石市
50527  4913  11945 612.5  1 1 海拉尔
50548  4912  12343 287.2  16 1 小二沟
50557  4910  12514 243.0  2 1 嫩江
50564  4926  12721 235.1  4 1 孙吴
50566  4933  12828 117.0  32 1 逊克
50603  4840  11649 556.0  4 1 新巴尔虎右旗
50618  4813  11816 644.4  32 1 新巴尔虎左旗
50632  4846  12155 741.7  4 1 博克图
50639  4800  12244 308.5  32 1 扎兰屯
50645  4829  12429 196.5  32 1 莫力达瓦达斡尔族自治旗
50646  4829  12451 204.4  32 1 讷河
50647  4808  12329 237.2  32 1 阿荣旗
50655  4830  12611 267.7  32 1 五大连池
50656  4817  12631 272.0  16 1 北安
50658  4803  12553 236.3  4 1 克山
50659  4802  12615 293.1  32 1 克东
50673  4853  13024 92.3  32 1 嘉荫
50674  4834  12926 404.9  32 1 乌伊岭
50727  4710  11956 997.7  2 1 阿尔山
50739  4720  12311 191.5  32 1 龙江
50741  4756  12330 186.6  32 1 甘南
50742  4748  12429 164.6  16 1 富裕
50745  4723  12355 148.5  2 1 齐齐哈尔
50749  4711  12450 159.9  32 1 林甸
50750  4754  12518 228.8  32 1 依安
50755  4736  12606 232.4  32 1 拜泉
50756  4727  12658 240.4  4 1 海伦
50758  4711  12554 248.3  16 1 明水
50767  4714  12706 204.0  32 1 绥棱
50772  4806  12914 299.1  32 1 五营
50774  4744  12855 245.7  2 1 伊春
50775  4720  13016 229.8  16 1 鹤岗
50776  4734  13050 84.8  32 1 萝北
50778  4740  13232 59.1  32 1 同江
50779  4822  13417 41.2  32 1 抚远
50787  4717  13151 63.0  32 1 绥滨
50788  4714  13159 68.4  4 1 富锦
50832  4643  12205 334.9  32 1 胡尔勒
50833  4643  12254 189.0  32 1 扎赉特旗
50834  4636  12113 501.0  16 1 索伦
50838  4605  12203 276.0  32 1 乌兰浩特
50842  4650  12425 145.4  32 1 杜蒙
50844  4624  12327 139.7  16 1 泰来
50850  4634  12508 148.4  6 1 大庆
50851  4641  12605 209.2  32 1 青冈
50852  4650  12627 170.5  32 1 望奎
50853  4637  12658 180.8  16 1 北林
50854  4623  12519 150.4  16 1 安达
50858  4604  12556 136.0  32 1 肇东
50859  4615  12616 160.8  32 1 兰西
50861  4653  12729 186.1  32 1 庆安
50862  4659  12801 213.4  16 1 铁力
50867  4605  12721 134.8  32 1 巴彦
50871  4644  12953 96.4  32 1 汤原
50873  4647  13018 83.1  32 1 佳木斯
50877  4618  12935 105.4  16 1 依兰
50878  4700  13043 80.2  32 1 桦川
50879  4613  13033 187.6  32 1 桦南
50880  4644  13107 104.7  32 1 集贤
50884  4638  13109 176.0  32 1 双鸭山
50888  4619  13211 83.5  4 1 宝清
50892  4648  13400 57.2  32 1 饶河
50913  4543  11850 866.1  32 1 乌拉盖
50915  4531  11658 838.9  4 1 东乌珠穆沁
50924  4532  11940 824.7  6 1 霍林郭勒
50928  4504  12020 629.1  32 1 巴雅尔吐胡硕
50934  4523  12135 309.7  32 1 突泉
50936  4538  12250 156.5  32 1 白城
50937  4503  12128 250.7  32 1 科尔沁右翼中旗
50939  4520  12249 154.9  32 1 洮南
50940  4551  12310 142.3  32 1 镇赉
50945  4530  12416 138.7  32 1 大安
50946  4511  12450 140.7  32 1 松原
50948  4500  12401 148.0  32 1 乾安
50949  4505  12452 137.4  4 1 前郭
50950  4542  12515 150.2  32 1 肇州
50953  4545  12646 146.5  1 1 哈尔滨
50954  4530  12505 129.2  32 1 肇源
50955  4523  12618 167.3  32 1 双城
50956  4556  12634 117.7  32 1 呼兰
50958  4531  12657 175.0  32 1 阿城
50960  4547  12727 192.5  32 1 宾县
50962  4557  12802 113.6  32 1 木兰
50963  4558  12844 110.0  16 1 通河
50964  4550  12848 123.2  32 1 方正
50965  4527  12818 157.0  32 1 延寿
50968  4513  12758 191.0  16 1 尚志
50971  4546  13101 226.7  6 1 七台河
50973  4545  13036 242.8  32 1 勃利
50978  4518  13056 281.3  4 1 鸡西
50979  4516  13014 279.8  32 1 林口
50983  4546  13258 104.1  2 1 虎林
50985  4533  13152 155.4  32 1 密山
50987  4515  13108 181.6  32 1 鸡东
51053  4803  8624 534.5  4 1 哈巴河
51058  4706  8758 564.9  32 1 阿克达拉
51059  4726  8552 984.3  32 1 吉木乃
51060  4742  8652 475.5  32 1 布尔津
51068  4704  8728 502.8  16 1 福海
51076  4744  8805 737.7  2 1 阿勒泰
51087  4659  8931 809.7  4 1 富蕴
51133  4644  8300 536.6  1 1 塔城
51137  4612  8256 715.7  32 1 裕民
51145  4633  8339 523.6  32 1 额敏
51156  4647  8543 1294.2  4 1 和布克赛尔
51186  4640  9023 1220.3  16 1 青河
51232  4511  8234 338.1  4 1 阿拉山口
51238  4454  8204 533.1  32 1 博乐
51241  4556  8336 1077.1  16 1 托里
51243  4537  8451 456.5  4 1 克拉玛依
51288  4522  9032 1654.7  2 1 北塔山
51328  4412  8025 774.0  32 1 霍尔果斯
51329  4403  8051 641.8  32 1 霍城
51330  4458  8101 1359.0  16 1 温泉
51334  4436  8254 320.1  16 1 精河
51346  4426  8440 478.3  32 1 乌苏
51352  4451  8515 338.0  32 1 炮台
51353  4501  8606 347.6  32 1 莫索湾
51356  4419  8603 444.1  32 1 石河子
51357  4420  8537 523.4  32 1 沙湾
51358  4417  8549 469.3  32 1 乌兰乌苏
51359  4419  8612 473.5  32 1 玛纳斯
51365  4412  8732 441.3  16 1 蔡家湖
51367  4408  8649 524.3  32 1 呼图壁
51368  4407  8719 516.7  32 1 昌吉
51369  4358  8739 601.2  32 1 米泉
51377  4410  8755 547.9  32 1 阜康
51378  4401  8910 735.8  32 1 吉木萨尔
51379  4401  8934 794.1  4 1 奇台
51430  4350  8109 605.4  32 1 察布查尔
51431  4357  8120 663.4  2 1 伊宁
51433  4348  8231 1106.5  32 1 尼勒克
51434  4358  8132 771.6  32 1 伊宁县
51435  4328  8214 776.5  32 1 巩留
51436  4327  8315 929.7  32 1 新源
51437  4309  8108 1854.6  16 1 昭苏
51438  4311  8146 1210.6  32 1 特克斯
51463  4347  8739 935.9  1 1 乌鲁木齐
51465  4329  8706 1874.9  32 1 小渠子
51467  4244  8618 1739.7  4 1 巴仑台
51468  4306  8650 3543.8  32 1 天山大西沟
51469  4327  8711 1928.5  32 1 乌鲁木齐牧试站
51470  4353  8807 1942.1  32 1 天池
51477  4321  8819 1105.3  16 1 达坂城
51482  4350  9017 1271.8  32 1 木垒
51495  4313  9144 723.7  4 1 十三间房
51526  4214  8813 924.0  16 1 库米什
51542  4302  8409 2459.9  4 1 巴音布鲁克
51559  4219  8624 1110.3  32 1 和静
51567  4205  8634 1057.9  32 1 焉耆
51568  4215  8648 1086.5  32 1 和硕
51571  4248  8838 2.0  32 1 托克逊
51572  4250  8915 -47.4  32 1 吐鲁番东坎
51573  4256  8912 35.2  4 1 吐鲁番
51581  4251  9014 400.3  16 1 鄯善
51627  4113  7914 1397.5  32 1 乌什
51628  4110  8014 1105.4  16 1 阿克苏
51629  4116  8014 1134.4  32 1 温宿
51633  4147  8154 1230.5  16 1 拜城
51636  4132  8237 1014.5  32 1 新和
51639  4114  8247 982.5  32 1 沙雅
51642  4147  8415 978.0  16 1 轮台
51644  4143  8258 1083.4  2 1 库车
51655  4121  8616 886.7  32 1 尉犁
51656  4145  8608 932.9  2 1 库尔勒
51701  4031  7524 3507.4  16 1 吐尔尕特
51704  3943  7610 1300.0  32 1 阿图什
51705  3943  7515 2177.5  16 1 乌恰
51707  3930  7644 1209.5  32 1 伽师
51708  3909  7557 1324.9  32 1 阿克陶
51709  3928  7559 1291.0  2 1 喀什
51711  4056  7827 1986.0  2 1 阿合奇
51716  3948  7834 1117.6  4 1 巴楚
51717  3915  7647 1207.8  32 1 岳普湖
51720  4030  7903 1163.3  16 1 柯坪
51722  4039  8024 1046.6  32 1 阿瓦提
51730  4033  8116 1013.4  16 1 阿拉尔
51747  3900  8340 1101.0  32 1 塔中
51765  4038  8742 847.9  8 1 铁干里克
51777  3902  8810 890.0  4 1 若羌
51802  3856  7610 1299.1  32 1 英吉沙
51804  3746  7514 3090.2  32 1 塔什库尔干
51810  3855  7738 1179.5  32 1 麦盖提
51811  3826  7716 1232.3  4 1 莎车
51814  3755  7724 1360.4  32 1 叶城
51815  3812  7716 1275.6  32 1 泽普
51818  3737  7817 1376.3  4 1 皮山
51826  3701  8048 1337.0  32 1 策勒
51827  3717  7943 1326.8  32 1 墨玉
51828  3708  7956 1374.9  1 1 和田
51829  3705  8010 1349.0  32 1 洛浦
51839  3704  8243 1410.6  2 1 民丰
51855  3809  8533 1248.4  2 1 且末
51886  3815  9051 2947.1  2 1 茫崖
51931  3651  8139 1423.3  16 1 于田
52101  4336  9303 1674.5  16 1 巴里坤
52112  4346  9508 479.0  32 1 淖毛湖
52118  4316  9442 1729.5  4 1 伊吾
52203  4249  9331 739.0  2 1 哈密
52267  4157  10104 941.7  2 1 额济纳旗
52313  4132  9440 1575.2  32 1 红柳河
52323  4148  9702 1770.1  2 1 马鬃山
52378  4122  10222 961.0  16 1 拐子湖
52418  4009  9441 1139.6  2 1 敦煌
52424  4032  9547 1172.3  16 1 瓜州
52436  4016  9702 1527.0  4 1 玉门镇
52446  4018  9931 1177.7  4 1 鼎新
52447  4000  9853 1271.2  16 1 金塔
52495  4010  10448 1325.9  4 1 巴彦诺尔公
52515  3931  9452 2138.6  32 1 肃北
52533  3946  9829 1478.6  1 1 酒泉
52546  3922  9950 1332.9  32 1 高台
52557  3909  10010 1458.7  32 1 临泽
52575  3925  10247 1240.9  32 1 雅布赖
52576  3913  10141 1511.5  16 1 阿右旗
52602  3845  9320 2770.9  2 1 冷湖
52607  3926  10639 1253.0  32 1 乌斯太
52633  3849  9825 3368.0  16 1 托勒
52643  3850  9937 2311.5  32 1 肃南
52645  3828  9933 3321.0  16 1 野牛沟
52652  3856  10026 1484.1  4 1 张掖
52656  3826  10049 2282.0  32 1 民乐
52657  3811  10015 2788.5  16 1 祁连
52661  3848  10105 1765.9  16 1 山丹
52674  3814  10158 1977.6  16 1 永昌
52679  3755  10240 1531.9  32 1 武威
52681  3838  10305 1368.5  2 1 民勤
52707  3648  9341 2768.0  16 1 小灶火
52713  3751  9521 3174.2  4 1 大柴旦
52737  3722  9723 2982.4  4 1 德令哈
52745  3718  9901 3417.9  32 1 天峻
52754  3720  10008 3302.4  2 1 刚察
52765  3723  10137 2850.5  16 1 门源
52784  3728  10254 2073.2  32 1 古浪
52787  3712  10252 3040.0  4 1 乌鞘岭
52797  3711  10403 1632.1  16 1 景泰
52818  3625  9455 2808.9  2 1 格尔木
52825  3626  9626 2791.4  4 1 诺木洪
52833  3656  9829 2951.0  16 1 乌兰
52836  3618  9806 3190.5  2 1 都兰
52842  3647  9905 3088.6  16 1 茶卡
52853  3654  10059 3011.0  32 1 海晏
52854  3635  10029 0.0  32 1 青海湖151
52855  3641  10115 2676.8  32 1 湟源
52856  3616  10037 2836.0  16 1 共和
52862  3657  10141 2451.8  32 1 大通
52863  3649  10157 2480.8  32 1 互助
52866  3644  10145 2296.2  4 1 西宁
52868  3602  10126 2238.1  16 1 贵德
52869  3630  10135 2665.1  32 1 湟中
52874  3629  10224 1981.9  32 1 乐都
52875  3630  10206 2129.5  32 1 平安
52876  3620  10250 1814.8  16 1 民和
52877  3606  10215 2835.7  32 1 化隆
52881  3659  10311 2485.3  1 1 天祝
52884  3621  10357 1670.1  32 1 皋兰
52885  3645  10315 2119.2  32 1 永登
52889  3603  10353 1518.3  1 1 兰州
52895  3634  10441 1399.5  16 1 靖远
52896  3633  10409 1739.6  32 1 白银
52908  3513  9305 4614.2  16 1 五道梁
52941  3616  10016 0.0  32 1 沙珠玉
52943  3535  9959 3324.0  16 1 兴海
52955  3535  10044 3119.3  32 1 贵南
52957  3515  10036 3149.1  4 1 同德
52963  3556  10201 2086.5  32 1 尖扎
52968  3502  10128 3663.8  32 1 泽库
52972  3551  10228 1870.2  32 1 循化
52974  3531  10201 2492.2  16 1 同仁
52978  3512  10231 2930.6  32 1 夏河
52980  3558  10318 1649.2  32 1 永靖
52981  3540  10323 2429.2  32 1 东乡
52982  3529  10333 1954.4  32 1 广河
52983  3552  10409 1875.5  32 1 榆中
52984  3535  10311 1918.5  16 1 临夏
52985  3525  10320 2164.2  32 1 和政
52986  3522  10352 1894.8  16 1 临洮
52988  3522  10343 2000.6  32 1 康乐
52993  3541  10404 1740.2  32 1 会宁
52995  3535  10437 1898.1  32 1 安定
52996  3523  10501 2450.0  4 1 华家岭
52998  3508  10412 2111.5  32 1 渭源
53068  4339  11158 966.4  2 1 二连浩特
53083  4437  11409 1182.9  4 1 那仁宝力格
53149  4232  11008 1226.7  4 1 满都拉气象站
53192  4401  11457 1127.9  4 1 阿巴嘎旗
53195  4352  11338 1038.0  16 1 苏尼特左旗
53231  4124  10624 1510.6  4 1 海力素
53272  4245  11238 1106.6  32 1 苏尼特右旗
53276  4224  11254 1151.9  4 1 朱日和
53289  4214  11350 1322.8  32 1 镶黄旗
53324  4104  10703 1039.7  32 1 乌拉特后旗
53336  4134  10831 1289.4  2 1 乌拉特中旗
53337  4106  10816 1025.1  32 1 五原
53343  4146  10958 1612.8  32 1 白云鄂博气象局
53348  4101  10908 1080.3  32 1 大佘太
53352  4142  11026 1376.0  4 1 达茂旗气象局
53357  4202  11003 1361.4  32 1 固阳县气象局
53362  4132  11141 1491.4  16 1 四子王
53367  4119  11114 1604.0  32 1 希拉穆仁气侯站
53368  4105  11128 1640.2  32 1 武川县
53378  4117  11237 1737.9  32 1 察右中旗
53384  4127  11311 1424.5  32 1 察右后旗
53385  4134  11333 1387.5  32 1 商都
53391  4154  11400 1484.6  2 1 化德
53392  4151  11436 1424.7  32 1 康保
53397  4106  11359 1377.7  32 1 尚义
53399  4109  11442 1394.2  32 1 张北
53419  4020  10700 1060.4  32 1 磴口
53420  4051  10707 1024.9  32 1 杭锦后旗
53433  4044  10839 1022.0  32 1 乌拉特前旗
53446  4040  10951 1068.2  32 1 包头市
53455  4033  11032 1000.9  32 1 土右旗气象局
53457  4024  11002 1012.2  32 1 达拉特旗
53463  4049  11141 1065.0  2 1 呼和浩特
53464  4043  11110 1047.5  32 1 土默特左旗
53466  4045  11142 1046.6  32 1 呼和浩特郊区站
53467  4016  11111 1017.5  32 1 托克托县
53469  4024  11149 1164.0  32 1 和林格尔县
53472  4052  11234 1453.2  32 1 卓资
53475  4031  11228 1272.2  32 1 凉城
53478  4000  11227 1347.6  16 1 右玉
53480  4102  11304 1421.5  4 1 集宁
53481  4048  11313 1317.1  32 1 察右前旗
53483  4052  11350 1269.6  32 1 兴和
53484  4027  11309 1192.5  32 1 丰镇
53486  4022  11346 1050.8  32 1 阳高
53487  4006  11320 1069.7  4 1 大同
53488  4002  11335 1035.4  32 1 大同县
53490  4026  11403 1016.2  32 1 天镇
53491  4040  11423 837.1  32 1 怀安
53492  4006  11409 939.7  32 1 阳原
53498  4034  11502 630.1  32 1 宣化
53499  4046  11444 755.5  32 1 万全
53502  3947  10545 1033.0  4 1 吉兰太
53505  3753  10524 1382.6  32 1 孪井滩
53512  3948  10648 1105.8  32 1 乌海
53513  4044  10722 1042.3  1 1 临河
53517  3916  10620 1466.4  32 1 石炭井
53518  3902  10621 1118.7  32 1 石嘴山
53519  3913  10646 1093.1  16 1 惠农
53522  4003  10750 1180.3  32 1 伊克乌素
53529  3906  10759 1381.3  4 1 鄂托克旗
53533  3951  10844 1390.3  32 1 杭锦旗
53543  3950  10959 1462.8  4 1 东胜
53545  3934  10944 1330.3  32 1 伊金霍洛旗
53547  3906  10902 1312.9  32 1 乌审召
53553  3952  11113 1222.9  32 1 准格尔旗
53562  3955  11140 1192.2  32 1 清水河县
53564  3923  11109 862.1  4 1 河曲
53565  3926  11130 1050.8  32 1 偏关
53567  3902  11105 980.9  32 1 府谷
53573  4000  11242 1337.7  32 1 左云
53574  3931  11216 1408.6  32 1 平鲁
53575  3906  11212 1526.2  32 1 神池
53576  3930  11249 1046.5  32 1 山阴
53577  3900  11218 1441.1  32 1 宁武
53578  3922  11226 1116.4  32 1 朔州
53579  3901  11254 861.3  32 1 代县
53580  3949  11306 1045.7  32 1 怀仁
53582  3943  11341 1094.0  32 1 浑源
53584  3934  11310 1001.9  32 1 应县
53585  3910  11316 934.2  32 1 繁峙
53588  3857  11331 2209.9  4 1 五台山
53590  3945  11416 979.4  32 1 广灵
53593  3950  11434 910.6  16 1 蔚县
53594  3927  11411 940.9  32 1 灵丘
53596  3851  11508 53.4  32 1 顺平
53599  3922  11441 885.6  32 1 涞源
53602  3850  10540 1562.8  16 1 阿拉善左旗
53603  3850  10622 1096.3  6 1 沙湖
53610  3834  10621 1106.7  32 1 贺兰
53611  3853  10633 1099.7  32 1 平罗
53612  3759  10611 1132.2  32 1 吴忠
53614  3828  10612 1110.5  2 1 银川
53615  3848  10642 1102.9  16 1 陶乐
53617  3802  10605 1119.2  32 1 青铜峡
53618  3817  10615 1115.5  32 1 永宁
53619  3807  10618 1117.3  32 1 灵武
53644  3836  10850 1309.3  32 1 乌审旗
53646  3816  10947 1157.8  2 1 榆林
53651  3849  11026 941.1  32 1 神木
53658  3802  11029 895.4  32 1 佳县
53659  3758  11100 1164.1  32 1 临县
53660  3901  11105 893.5  32 1 保德
53662  3843  11135 1393.7  32 1 岢岚
53663  3855  11149 1402.5  32 1 五寨
53664  3828  11108 1013.6  16 1 兴县
53665  3817  11139 1183.7  32 1 岚县
53666  3821  11156 1213.4  32 1 静乐
53669  3805  11148 1151.5  32 1 娄烦
53673  3844  11243 827.2  16 1 原平
53674  3825  11242 799.0  32 1 忻州
53676  3830  11259 760.9  32 1 定襄
53677  3756  11229 808.0  32 1 太原北郊
53678  3804  11240 899.8  32 1 阳曲
53679  3744  11233 776.6  32 1 太原南郊
53680  3818  11423 109.6  32 1 灵寿
53681  3850  11322 1097.1  32 1 五台县豆村
53682  3838  11441 105.3  32 1 曲阳
53685  3804  11325 953.8  32 1 盂县
53687  3747  11338 752.8  32 1 平定
53688  3827  11433 98.1  32 1 行唐
53689  3801  11504 43.8  32 1 晋州
53690  3851  11411 283.4  32 1 阜平
53691  3809  11434 76.0  32 1 正定
53692  3844  11459 68.0  32 1 唐县
53693  3802  11408 256.2  32 1 井陉
53694  3816  11413 134.9  32 1 平山
53695  3821  11441 72.0  32 1 新乐
53696  3831  11500 55.9  32 1 定州
53697  3802  11450 54.9  32 1 藁城
53698  3802  11425 81.8  4 1 石家庄
53699  3811  11457 46.8  32 1 无极
53704  3732  10511 1226.6  32 1 中卫
53705  3729  10541 1184.4  4 1 中宁
53707  3656  10515 1699.0  32 1 兴仁
53723  3748  10723 1350.4  4 1 盐池
53725  3735  10735 1361.2  32 1 定边
53727  3710  10707 1713.5  32 1 麻黄山
53730  3811  10729 1335.0  32 1 鄂托克前旗
53732  3751  10843 1211.5  32 1 河南
53735  3737  10848 1341.6  32 1 靖边
53738  3655  10810 1331.1  16 1 吴旗
53740  3756  10914 1107.5  16 1 横山
53748  3711  10942 1064.4  32 1 子长
53750  3746  11011 931.6  32 1 米脂
53751  3736  11003 897.2  32 1 子洲
53753  3726  11053 861.0  32 1 柳林
53754  3730  11013 928.5  16 1 绥德
53756  3731  11043 744.4  32 1 吴堡
53757  3707  11007 938.8  32 1 清涧
53759  3659  11050 1106.8  32 1 石楼
53760  3753  11114 1212.0  32 1 方山
53763  3755  11210 1008.0  32 1 太原古交区
53764  3730  11106 951.2  16 1 离石
53767  3720  11110 1212.2  32 1 中阳
53768  3709  11145 770.9  32 1 孝义
53769  3715  11147 749.1  32 1 汾阳
53770  3721  11221 769.9  32 1 祁县
53771  3725  11203 751.4  32 1 文水
53772  3747  11233 779.5  2 1 太原
53773  3620  11437 66.0  32 1 临漳
53774  3737  11220 774.6  32 1 清徐
53775  3726  11232 782.6  32 1 太谷
53776  3741  11246 831.5  32 1 榆次
53777  3732  11209 760.2  32 1 交城
53778  3710  11213 780.9  32 1 平遥
53780  3754  11309 1066.6  32 1 寿阳
53781  3652  11428 69.4  32 1 沙河
53782  3751  11333 743.0  16 1 阳泉
53783  3736  11342 880.3  32 1 昔阳
53784  3745  11447 39.8  32 1 赵县
53785  3731  11440 35.7  32 1 柏乡
53786  3705  11322 1134.4  32 1 左权
53787  3704  11259 1042.2  16 1 榆社
53788  3720  11334 1267.0  32 1 和顺
53789  3753  11438 57.4  32 1 栾城
53790  3736  11437 50.1  32 1 高邑
53791  3746  11431 67.1  32 1 元氏
53792  3727  11429 113.6  32 1 临城
53794  3721  11445 34.1  32 1 隆尧
53795  3739  11422 137.8  32 1 赞皇
53796  3737  11453 31.4  32 1 宁晋
53797  3717  11431 74.8  32 1 内邱
53798  3704  11430 77.1  16 1 邢台
53799  3714  11459 25.9  32 1 巨鹿
53806  3634  10539 1854.8  32 1 海原
53810  3658  10554 1340.7  16 1 同心
53817  3600  10616 1752.8  16 1 固原
53821  3634  10718 1256.0  16 1 环县
53829  3559  10754 1094.9  32 1 庆城
53832  3646  10846 1220.0  32 1 志丹
53841  3653  10919 1069.1  32 1 安塞
53845  3636  10930 959.7  2 1 延安
53848  3616  10921 1005.4  32 1 甘泉
53850  3653  11011 801.3  32 1 延川
53852  3646  11038 917.5  32 1 永和
53853  3642  11057 1054.1  16 1 隰县
53854  3635  11004 805.5  32 1 延长
53856  3628  11045 756.5  32 1 大宁
53857  3604  11011 840.9  32 1 宜川
53859  3606  11040 852.5  32 1 吉县
53860  3659  11110 1407.2  32 1 交口
53861  3553  11125 425.5  32 1 襄汾
53862  3650  11146 809.7  32 1 灵石
53863  3702  11155 745.7  4 1 介休
53864  3624  11106 1030.5  32 1 蒲县
53865  3639  11133 1012.5  32 1 汾西
53866  3614  11140 464.1  32 1 洪洞
53868  3604  11130 450.3  32 1 临汾
53869  3635  11142 550.5  32 1 霍州
53871  3650  11251 965.8  32 1 武乡
53872  3646  11241 962.4  32 1 沁县
53873  3607  11252 951.1  32 1 长子
53874  3615  11154 650.0  32 1 古县
53875  3631  11221 1001.6  32 1 沁源
53877  3610  11215 862.1  32 1 安泽
53878  3631  11323 769.6  32 1 黎城
53879  3619  11253 953.2  32 1 屯留
53880  3620  11314 948.7  32 1 潞城
53881  3717  10629 1382.9  32 1 韦州
53882  3603  11304 991.4  32 1 长治
53883  3708  11442 36.8  32 1 任县
53884  3631  11302 879.4  32 1 襄垣
53885  3608  11312 1031.0  32 1 壶关
53886  3634  11340 471.5  32 1 涉县
53888  3612  11326 1088.6  32 1 平顺
53889  3604  11349 308.6  32 1 林州
53890  3641  11409 234.7  32 1 武安
53891  3701  11441 44.4  32 1 南和
53892  3637  11428 67.8  32 1 邯郸
53893  3646  11457 40.7  32 1 曲周
53894  3625  11413 128.2  32 1 峰峰
53895  3647  11430 61.2  32 1 永年
53896  3621  11457 51.8  32 1 魏县
53897  3623  11423 71.2  32 1 磁县
53898  3603  11424 63.5  2 1 安阳
53899  3629  11458 49.9  32 1 广平
53903  3558  10543 1917.9  16 1 西吉
53906  3531  10543 1659.2  32 1 静宁
53908  3513  10514 1769.8  32 1 通渭
53910  3540  10612 2839.1  32 1 六盘山
53914  3537  10607 2079.5  32 1 隆德
53915  3533  10640 1348.2  2 1 崆峒
53916  3530  10619 1949.1  32 1 泾源
53917  3513  10604 1633.4  32 1 庄浪
53923  3544  10738 1421.9  4 1 西峰
53924  3504  10737 967.2  32 1 灵台
53925  3541  10711 1174.4  32 1 镇原
53926  3521  10721 1630.1  32 1 泾川
53927  3512  10637 1478.2  32 1 华亭
53928  3518  10701 1150.3  32 1 崇信
53929  3512  10748 1206.8  16 1 长武
53930  3627  10759 1270.5  32 1 华池
53931  3600  10922 983.9  32 1 富县
53934  3549  10801 1299.9  32 1 合水
53935  3529  10821 1443.4  32 1 正宁
53937  3531  10755 980.6  32 1 宁县
53938  3510  10818 1277.9  32 1 旬邑
53941  3511  10935 807.1  32 1 白水
53942  3549  10930 1159.1  16 1 洛川
53944  3534  10915 857.3  32 1 黄陵
53945  3526  10904 1394.4  32 1 宜君
53946  3536  10949 1091.0  32 1 黄龙
53947  3505  10904 979.7  4 1 铜川
53948  3457  10935 499.9  32 1 蒲城
53949  3511  10955 680.4  32 1 澄城
53950  3514  11009 710.8  32 1 合阳
53953  3558  11051 966.0  32 1 乡宁
53954  3537  11058 433.5  32 1 稷山
53955  3528  11027 459.1  32 1 韩城
53956  3524  11050 589.6  32 1 万荣
53957  3537  11043 459.7  32 1 河津
53958  3508  11047 389.5  32 1 临猗
53959  3503  11103 365.9  4 1 运城
53961  3539  11129 473.3  32 1 曲沃
53962  3544  11142 585.3  32 1 翼城
53963  3539  11122 435.4  32 1 侯马
53964  3537  11113 431.8  32 1 新绛
53965  3531  11134 761.9  32 1 绛县
53966  3559  11150 818.1  32 1 浮山
53967  3520  11112 469.8  32 1 闻喜
53968  3517  11140 506.2  32 1 垣曲
53970  3542  11212 887.1  32 1 沁水
53972  3507  11255 121.0  32 1 沁阳
53973  3546  11257 836.6  32 1 高平
53974  3537  11411 73.5  32 1 淇县
53975  3529  11224 658.7  8 1 阳城
53976  3530  11252 751.5  32 1 晋城
53978  3505  11238 140.7  32 1 济源
53979  3509  11305 121.1  32 1 博爱
53980  3633  11448 51.7  32 1 肥乡
53981  3547  11316 1311.2  32 1 陵川
53982  3514  11316 113.5  32 1 焦作
53983  3502  11425 70.8  32 1 封丘
53984  3514  11328 83.3  32 1 修武
53985  3527  11349 97.9  32 1 辉县
53986  3519  11353 74.0  32 1 新乡
53987  3506  11325 91.8  32 1 武陟
53988  3516  11340 78.4  32 1 获嘉
53989  3503  11357 77.7  32 1 原阳
53991  3556  11421 75.3  32 1 汤阴
53992  3539  11431 59.2  32 1 浚县
53993  3556  11455 52.4  32 1 内黄
53994  3523  11404 71.2  32 1 卫辉
53995  3533  11430 64.0  32 1 滑县
53996  3627  11439 58.9  32 1 成安
53997  3509  11411 72.3  32 1 延津
53998  3512  11439 62.5  32 1 长垣
54012  4435  11736 1002.6  4 1 西乌珠穆沁
54024  4427  11918 710.0  32 1 富河
54026  4434  12054 265.8  4 1 扎鲁特
54027  4359  11924 486.9  2 1 巴林左旗
54031  4454  12149 201.1  32 1 高力板
54039  4402  12201 182.7  32 1 舍伯吐
54041  4448  12304 150.7  16 1 通榆
54047  4408  12317 146.1  32 1 科左中旗
54049  4415  12358 190.4  16 1 长岭
54063  4458  12600 197.7  16 1 扶余
54064  4423  12509 171.3  32 1 农安
54065  4432  12539 173.4  32 1 德惠
54069  4410  12548 175.6  32 1 九台
54072  4451  12631 203.3  32 1 榆树
54076  4425  12656 254.5  32 1 舒兰
54080  4454  12709 196.5  32 1 五常
54092  4436  12924 294.8  32 1 海林
54093  4456  13033 266.7  32 1 穆棱
54094  4434  12936 242.5  4 1 牡丹江
54096  4424  13110 569.8  4 1 绥芬河
54098  4420  12928 272.4  32 1 宁安
54099  4405  13108 151.3  32 1 东宁
54102  4357  11607 1003.8  1 1 锡林浩特
54113  4332  11839 623.3  32 1 巴林右旗
54115  4336  11804 803.8  4 1 林西县
54117  4315  11732 1004.8  32 1 克什克腾旗
54122  4353  12003 375.4  32 1 阿鲁科尔沁旗
54132  4224  12104 400.2  32 1 青龙山
54134  4336  12117 242.3  16 1 开鲁
54135  4336  12216 180.1  2 1 通辽
54142  4330  12332 116.1  16 1 双辽
54154  4321  12418 163.6  32 1 梨树
54155  4340  12414 145.0  32 1 孤家子
54156  4331  12448 200.9  32 1 公主岭
54157  4310  12420 167.2  4 1 四平
54161  4354  12513 238.5  2 1 长春
54164  4321  12517 249.8  32 1 伊通
54165  4333  12538 220.2  32 1 双阳
54169  4318  12601 270.3  32 1 烟筒山
54171  4342  12631 232.4  32 1 永吉
54172  4347  12636 199.8  16 1 吉林城郊
54181  4342  12720 294.5  32 1 蛟河
54186  4322  12812 525.1  16 1 敦化
54187  4307  12855 369.0  32 1 安图
54192  4342  13016 386.0  32 1 罗子沟
54195  4318  12947 244.9  16 1 汪清
54204  4218  11500 1347.8  32 1 正镶白旗
54205  4214  11600 1316.6  32 1 正蓝旗
54208  4211  11628 1247.0  4 1 多伦县
54213  4255  11901 635.7  16 1 翁牛特旗
54214  4235  11825 961.1  32 1 岗子
54218  4216  11856 569.8  2 1 赤峰
54223  4251  12039 364.0  32 1 奈曼
54225  4217  11955 589.3  32 1 敖汉旗
54226  4220  12042 402.0  16 1 宝国吐
54231  4258  12221 249.3  32 1 科左后旗
54234  4244  12145 300.3  32 1 库伦
54236  4223  12233 84.2  16 1 彰武
54237  4204  12145 172.4  8 1 阜新
54243  4247  12407 165.8  32 1 昌图
54244  4245  12320 120.1  32 1 康平
54245  4230  12324 99.3  32 1 法库
54248  4202  12332 67.8  32 1 新城子
54249  4218  12352 79.4  32 1 铁岭
54252  4244  12445 198.5  32 1 西丰
54254  4232  12403 102.8  32 1 开原
54259  4206  12455 235.3  8 1 清原
54260  4255  12505 254.4  32 1 辽源
54261  4241  12531 343.0  32 1 东丰
54263  4258  12603 339.5  32 1 磐石
54266  4232  12538 341.3  32 1 梅河口
54267  4215  12544 363.2  32 1 柳河
54273  4259  12645 264.2  4 1 桦甸
54274  4241  12604 300.1  32 1 辉南
54276  4221  12649 550.3  32 1 靖宇
54279  4203  12635 545.4  6 1 江源
54284  4206  12734 775.1  16 1 东岗
54285  4225  12807 722.4  2 1 二道
54286  4232  12900 475.1  32 1 和龙
54287  4201  12805 2623.9  16 1 天池
54290  4246  12924 245.2  32 1 龙井
54291  4254  13017 37.8  32 1 珲春
54292  4252  12930 256.0  2 1 延吉
54293  4257  12950 141.0  32 1 图们
54301  4140  11540 1414.0  32 1 沽源
54304  4058  11517 1249.0  32 1 崇礼
54305  4153  11516 1468.7  32 1 太仆寺旗
54308  4112  11638 733.9  16 1 丰宁
54311  4158  11746 884.7  16 1 围场
54313  4156  11842 734.8  32 1 喀喇沁旗
54316  4131  11845 680.7  32 1 八里罕
54318  4119  11744 562.8  32 1 隆化
54319  4100  11840 509.3  32 1 平泉
54320  4136  11918 546.0  32 1 宁城县
54321  4152  11938 661.6  32 1 建平镇
54323  4149  12047 253.5  32 1 北票
54324  4133  12026 175.3  16 1 朝阳
54325  4111  12021 183.1  32 1 羊山
54326  4123  11942 425.4  16 1 建平县
54327  4114  11921 421.5  32 1 凌源
54328  4105  11943 300.6  32 1 喀左
54330  4110  12122 61.5  32 1 凌海
54331  4135  12146 83.2  32 1 北镇
54332  4131  12243 13.9  32 1 辽中
54333  4158  12251 32.1  32 1 新民
54334  4131  12114 69.8  32 1 义县
54335  4141  12205 41.8  16 1 黑山
54336  4125  12225 13.1  32 1 台安
54337  4108  12107 70.2  2 1 锦州
54338  4117  12157 4.1  32 1 盘山
54339  4105  12300 78.5  16 1 鞍山
54340  4140  12319 47.6  32 1 苏家屯
54342  4144  12331 49.5  2 1 沈阳
54345  4112  12304 29.6  32 1 辽阳县
54346  4119  12347 186.1  16 1 本溪
54347  4114  12310 25.7  32 1 辽阳
54348  4125  12319 43.4  32 1 灯塔
54349  4118  12407 214.6  32 1 本溪县
54351  4155  12405 116.5  16 1 抚顺
54353  4144  12503 328.9  32 1 新宾
54362  4140  12544 388.8  32 1 通化县
54363  4141  12554 404.3  16 1 通化
54365  4117  12521 252.0  16 1 桓仁
54371  4156  12626 521.8  32 1 白山
54374  4148  12653 381.8  4 1 临江
54377  4106  12609 178.8  16 1 集安
54386  4125  12811 777.8  16 1 长白
54398  4008  11637 29.6  32 1 顺义
54399  3959  11617 46.9  32 1 海淀
54401  4047  11453 725.8  4 1 张家口
54404  4053  11550 868.1  32 1 赤城
54405  4025  11530 571.3  16 1 怀来
54406  4027  11558 489.4  32 1 延庆
54408  4023  11513 531.3  32 1 涿鹿
54410  4036  11608 1216.9  32 1 佛爷顶
54412  4044  11638 334.2  32 1 汤河口
54416  4023  11652 73.4  32 1 密云
54419  4022  11638 75.6  32 1 怀柔
54420  4056  11720 530.2  32 1 滦平
54421  4039  11707 286.5  32 1 密云上甸子
54423  4059  11757 385.7  4 1 承德
54424  4010  11707 33.1  32 1 平谷
54425  4025  11729 584.2  32 1 兴隆
54428  4002  11724 19.9  32 1 蓟县
54429  4012  11757 56.3  16 1 遵化
54430  4046  11809 268.9  32 1 承德县
54431  3955  11638 40.6  32 1 通州
54432  4036  11829 305.8  32 1 宽城
54433  3957  11630 36.3  32 1 朝阳
54434  4010  11818 103.9  32 1 迁西
54436  4024  11857 228.7  16 1 青龙
54437  3930  11839 19.3  32 1 滦南
54438  3953  11853 61.8  32 1 卢龙
54439  4001  11843 51.9  32 1 迁安
54449  3951  11931 3.3  32 1 秦皇岛
54452  4048  11949 367.8  32 1 建昌
54453  4047  12053 43.0  32 1 连山区
54454  4020  12018 29.0  16 1 绥中
54455  4035  12042 11.8  32 1 兴城
54470  4101  12204 6.1  32 1 大洼
54471  4039  12210 4.6  4 1 营口
54472  4053  12243 26.5  32 1 海城
54474  4025  12221 27.6  32 1 盖州
54475  4037  12229 15.3  32 1 大石桥
54476  4010  12209 37.9  32 1 熊岳
54483  4053  12354 239.8  32 1 草河口
54486  4017  12317 81.3  32 1 岫岩
54493  4043  12447 262.1  4 1 宽甸
54494  4028  12404 74.4  32 1 凤城
54497  4003  12420 12.9  4 1 丹东
54499  4013  11613 75.5  32 1 昌平
54501  3958  11541 441.1  32 1 斋堂
54502  3929  11602 30.4  32 1 涿州
54503  3904  11549 13.6  32 1 容城
54505  3955  11607 94.2  32 1 门头沟
54506  3919  11553 29.5  32 1 高碑店
54507  3921  11530 52.5  32 1 易县
54510  3954  11659 18.2  32 1 大厂
54511  3948  11628 32.5  1 1 北京
54512  3925  11617 22.4  32 1 固安
54513  3957  11612 67.1  32 1 石景山
54514  3952  11615 56.7  32 1 丰台
54515  3930  11642 14.5  32 1 廊坊
54517  3904  11712 5.9  32 1 天津市城市气候监测站
54518  3907  11623 10.0  16 1 霸州
54519  3918  11629 13.1  32 1 永清
54520  3958  11705 19.1  32 1 三河
54521  3946  11659 14.3  32 1 香河
54522  3953  11744 19.8  32 1 玉田
54523  3923  11701 12.5  32 1 武清
54525  3944  11717 11.0  32 1 宝坻
54526  3905  11720 10.8  32 1 东丽区
54527  3905  11703 3.8  4 1 天津
54528  3914  11708 7.7  32 1 北辰区
54529  3921  11749 12.0  32 1 宁河
54530  3914  11746 6.1  32 1 汉沽区
54531  3944  11843 43.8  32 1 滦县
54532  3948  11806 35.3  32 1 丰润
54533  3935  11806 9.0  32 1 丰南
54534  3939  11806 24.0  4 1 唐山
54535  3917  11828 3.5  32 1 唐海
54539  3926  11853 12.0  2 1 乐亭
54540  3943  11910 14.6  32 1 昌黎
54541  3954  11914 23.8  32 1 抚宁
54563  3938  12201 119.0  16 1 瓦房店
54568  3905  12142 40.5  32 1 金州
54569  3924  12158 35.4  32 1 普兰店
54575  3925  12222 44.2  32 1 皮口
54579  3916  12235 33.6  32 1 长海
54584  3943  12257 39.3  32 1 庄河
54590  3953  12410 5.3  32 1 东港
54594  3943  11621 38.8  32 1 大兴
54596  3941  11608 40.5  32 1 房山
54597  3944  11544 409.4  32 1 霞云岭
54601  3859  11539 14.1  32 1 徐水
54602  3851  11531 18.9  4 1 保定
54603  3843  11546 10.7  32 1 高阳
54604  3825  11520 31.1  32 1 安国
54605  3856  11556 7.1  32 1 安新
54606  3814  11544 23.2  32 1 饶阳
54607  3843  11507 45.9  32 1 望都
54608  3800  11533 27.3  32 1 深州
54609  3815  11530 25.8  32 1 安平
54610  3844  11606 9.5  32 1 任丘
54611  3856  11519 45.9  32 1 满城
54612  3852  11627 7.4  32 1 文安
54613  3842  11637 8.1  32 1 大城
54614  3827  11605 13.5  32 1 河间
54615  3835  11650 8.5  32 1 青县
54616  3821  11651 9.4  4 1 沧州
54617  3811  11607 13.9  32 1 献县
54618  3805  11633 14.6  32 1 泊头
54619  3855  11655 8.7  32 1 静海
54620  3829  11534 19.8  32 1 蠡县
54621  3811  11511 39.0  32 1 深泽
54622  3859  11722 3.9  32 1 津南区
54623  3903  11743 12.8  16 1 塘沽
54624  3822  11721 7.6  16 1 黄骅
54626  3825  11549 15.4  32 1 肃宁
54627  3802  11714 8.8  32 1 盐山
54628  3809  11729 7.9  32 1 海兴
54631  3704  11509 33.4  32 1 广宗
54632  3704  11502 34.8  32 1 平乡
54633  3731  11514 27.9  32 1 新河
54636  3901  11606 12.0  32 1 雄县
54640  3655  11452 37.2  32 1 鸡泽
54644  3803  11707 11.4  32 1 孟村
54645  3851  11728 3.5  32 1 大港
54646  3827  11825 19.8  32 1 渤海A平台
54660  3849  12114 65.5  32 1 旅顺
54662  3854  12138 90.4  2 1 大连
54700  3802  11556 16.8  32 1 武强
54701  3756  11512 41.8  32 1 辛集
54702  3744  11542 22.0  32 1 衡水
54703  3748  11553 25.3  32 1 武邑
54704  3733  11534 23.1  32 1 冀州
54705  3722  11523 29.4  16 1 南宫
54706  3705  11540 32.5  32 1 清河
54707  3721  11559 28.5  32 1 故城
54708  3730  11544 24.6  32 1 枣强
54709  3713  11604 30.6  32 1 武城
54710  3752  11610 19.5  32 1 阜城
54711  3742  11617 19.0  32 1 景县
54712  3712  11649 23.6  32 1 临邑
54713  3753  11632 15.1  32 1 东光
54714  3727  11620 24.4  4 1 德州
54715  3719  11634 22.8  16 1 陵县
54716  3740  11648 17.2  32 1 宁津
54717  3738  11624 18.1  32 1 吴桥
54718  3709  11626 26.5  32 1 平原
54719  3802  11641 12.4  32 1 南皮
54722  3745  11738 7.2  32 1 无棣
54723  3739  11734 11.6  32 1 阳信
54724  3719  11708 21.6  32 1 商河
54725  3730  11732 12.1  4 1 惠民
54726  3742  11711 12.9  32 1 乐陵
54727  3641  11733 122.6  32 1 章丘
54728  3746  11723 16.6  32 1 庆云
54729  3710  11752 11.2  32 1 高青
54730  3742  11808 11.2  32 1 沾化
54731  3729  11813 16.8  32 1 利津
54732  3752  11831 13.9  32 1 河口
54734  3721  11800 12.4  32 1 滨州
54736  3726  11840 9.2  16 1 东营
54737  3709  11809 17.4  32 1 博兴
54738  3703  11824 20.3  32 1 广饶
54744  3735  11833 16.0  32 1 垦利
54749  3711  11957 48.9  32 1 莱州
54751  3756  12044 43.0  4 1 长岛
54752  3748  12046 64.9  32 1 蓬莱
54753  3738  12020 4.8  16 1 龙口
54755  3722  12023 113.4  32 1 招远
54759  3718  12050 172.8  32 1 栖霞
54764  3730  12115 33.9  32 1 福山
54765  3729  12126 57.1  32 1 烟台
54766  3723  12137 23.6  32 1 牟平
54774  3728  12208 64.8  16 1 威海
54776  3724  12242 46.4  2 1 成山头
54777  3712  12204 112.8  32 1 文登
54778  3710  12229 60.8  32 1 荣成
54800  3659  11515 35.1  32 1 威县
54801  3651  11529 36.1  32 1 临西
54802  3649  11544 35.2  32 1 临清
54803  3659  11601 28.4  32 1 夏津
54804  3618  11508 46.0  32 1 大名
54805  3629  11527 41.3  32 1 冠县
54806  3625  11558 39.1  32 1 聊城
54807  3608  11548 44.0  32 1 阳谷
54808  3614  11538 38.5  16 1 莘县
54809  3633  11517 42.9  32 1 馆陶
54810  3652  11616 28.7  32 1 高唐
54811  3656  11637 22.0  32 1 禹城
54812  3647  11645 23.3  32 1 齐河
54814  3635  11614 32.2  32 1 茌平
54815  3623  11616 33.2  32 1 东阿
54816  3631  11648 82.2  32 1 长清
54817  3559  11552 43.0  32 1 台前
54818  3615  11625 72.7  32 1 平阴
54819  3611  11648 118.6  32 1 肥城
54820  3649  11510 38.1  32 1 邱县
54821  3700  11712 21.7  32 1 济阳
54822  3652  11744 46.1  32 1 邹平
54823  3636  11700 169.2  2 1 济南
54824  3638  11757 95.3  16 1 淄川
54825  3631  11751 195.9  32 1 博山
54826  3615  11706 1536.5  16 1 泰山
54827  3610  11709 137.9  32 1 泰安
54828  3614  11741 228.6  32 1 莱芜
54829  3646  11752 88.2  32 1 周村
54830  3649  11756 35.3  16 1 淄博
54831  3639  11830 102.6  32 1 青州
54832  3653  11844 29.5  32 1 寿光
54833  3658  11805 19.5  32 1 桓台
54834  3652  11817 46.3  32 1 临淄
54835  3630  11833 110.6  32 1 临朐
54836  3611  11810 303.7  16 1 沂源
54837  3641  11850 76.3  32 1 昌乐
54841  3652  11924 8.9  32 1 昌邑
54842  3646  11957 52.1  32 1 平度
54843  3645  11912 22.5  4 1 潍坊
54844  3625  11911 67.5  32 1 安丘
54846  3623  11945 37.6  32 1 高密
54848  3559  11925 81.8  32 1 诸城
54849  3616  12000 16.2  32 1 胶州
54851  3654  12034 81.5  32 1 莱西
54852  3658  12044 53.6  16 1 莱阳
54853  3610  12025 43.7  32 1 崂山
54855  3623  12028 30.2  32 1 即墨
54857  3604  12020 75.3  2 1 青岛
54861  3656  12132 47.8  32 1 乳山
54863  3647  12111 40.1  4 1 海阳
54871  3656  12229 9.1  32 1 石岛
54900  3542  11501 54.1  32 1 濮阳
54901  3605  11510 47.8  32 1 南乐
54902  3554  11507 49.7  32 1 清丰
54903  3551  11529 50.6  32 1 范县
54904  3535  11531 51.5  32 1 鄄城
54905  3535  11556 53.8  32 1 郓城
54906  3515  11525 51.1  4 1 菏泽
54907  3459  11639 38.7  32 1 鱼台
54908  3516  11506 57.6  32 1 东明
54909  3505  11533 51.7  16 1 定陶
54910  3549  11603 45.1  32 1 梁山
54911  3556  11627 51.5  32 1 东平
54912  3542  11629 47.6  32 1 汶上
54913  3545  11649 67.5  32 1 宁阳
54914  3525  11605 44.7  32 1 巨野
54915  3526  11636 34.1  32 1 济宁
54916  3534  11651 60.1  4 1 兖州
54917  3506  11619 41.3  32 1 金乡
54918  3536  11658 66.5  32 1 曲阜
54919  3525  11659 111.0  32 1 邹城
54920  3539  11717 110.7  32 1 泗水
54921  3525  11620 39.6  32 1 嘉祥
54922  3553  11747 223.8  32 1 新泰
54923  3543  11756 202.1  32 1 蒙阴
54925  3531  11738 170.8  32 1 平邑
54927  3506  11712 79.6  32 1 滕州
54929  3516  11758 120.6  32 1 费县
54932  3546  11839 184.7  32 1 沂水
54935  3532  11826 120.4  32 1 沂南
54936  3534  11850 112.2  16 1 莒县
54938  3503  11824 66.0  4 1 临沂
54939  3510  11849 116.1  32 1 莒南
54940  3545  11912 147.8  32 1 五莲
54943  3553  12000 13.3  32 1 胶南
54945  3526  11932 37.1  4 1 日照
55228  3230  8005 4279.6  2 1 狮泉河
55248  3209  8425 4416.1  4 1 改则
55279  3122  9001 4701.0  4 1 班戈
55294  3221  9106 4801.0  4 1 安多
55299  3129  9204 4508.0  2 1 那曲
55437  3017  8115 3901.1  4 1 普兰
55472  3057  8838 4673.9  2 1 申扎
55493  3029  9106 4201.1  16 1 当雄
55569  2905  8738 4001.1  16 1 拉孜
55572  2941  8906 4001.2  32 1 南木林
55578  2915  8853 3837.0  4 1 日喀则
55585  2926  9010 3810.9  16 1 尼木
55589  2918  9059 3556.0  32 1 贡嘎
55591  2940  9108 3651.0  1 1 拉萨
55593  2951  9144 3805.5  32 1 墨竹工卡
55597  2902  9141 3741.0  32 1 琼结
55598  2915  9146 3553.2  16 1 泽当
55655  2811  8558 3811.0  32 1 聂拉木
55664  2838  8705 4301.7  2 1 定日
55680  2855  8936 4041.0  16 1 江孜
55681  2858  9024 4433.0  32 1 浪卡子
55690  2759  9157 4281.0  16 1 错那
55696  2825  9228 3861.0  4 1 隆子
55773  2744  8905 4301.2  2 1 帕里
56004  3413  9226 4534.3  2 1 沱沱河
56016  3351  9537 4181.2  32 1 治多
56018  3253  9517 4068.5  4 1 杂多
56021  3407  9548 4176.0  4 1 曲麻莱
56029  3300  9700 3682.2  2 1 玉树
56033  3455  9813 4274.3  4 1 玛多
56034  3348  9708 4416.2  16 1 清水河
56038  3259  9806 4201.0  16 1 石渠
56043  3429  10014 3720.0  16 1 玛沁
56045  3358  9954 4051.4  32 1 甘德
56046  3345  9939 3968.5  2 1 达日
56065  3444  10136 3501.0  16 1 河南
56067  3326  10129 3630.0  16 1 久治
56071  3435  10230 3107.3  32 1 碌曲
56074  3400  10205 3473.2  16 1 玛曲
56079  3335  10258 3442.6  16 1 若尔盖
56080  3500  10254 2911.7  4 1 合作
56081  3442  10321 2811.0  32 1 临潭
56082  3435  10330 2544.7  32 1 卓尼
56084  3404  10314 2376.1  32 1 迭部
56091  3451  10428 1884.0  32 1 漳县
56092  3500  10439 1729.3  32 1 陇西
56093  3426  10401 2316.2  16 1 岷县
56094  3347  10422 1400.9  32 1 舟曲
56095  3402  10423 1754.8  32 1 宕昌
56096  3324  10455 1081.7  4 1 武都
56097  3316  10414 1407.1  32 1 九寨沟
56106  3153  9347 4023.8  4 1 索县
56109  3129  9347 3941.0  32 1 比如
56116  3125  9536 3874.0  4 1 丁青
56125  3212  9628 3645.2  4 1 囊谦
56128  3113  9636 3811.0  32 1 类乌齐
56137  3109  9710 3307.0  1 1 昌都
56144  3148  9835 3185.0  4 1 德格
56146  3137  10000 3395.4  2 1 甘孜
56147  3113  9850 3261.0  32 1 白玉
56151  3256  10045 3531.0  16 1 班玛
56152  3217  10020 3895.8  16 1 色达
56158  3124  10040 3250.0  32 1 炉霍
56164  3216  10059 3286.6  32 1 壤塘
56167  3059  10107 2959.2  16 1 道孚
56168  3129  10204 2170.7  32 1 金川
56171  3254  10142 3276.6  32 1 阿坝
56172  3154  10214 2666.3  4 1 马尔康
56173  3248  10233 3492.7  4 1 红原
56178  3100  10221 2368.6  16 1 小金
56180  3141  10351 1591.6  32 1 茂县
56181  3041  10342 543.3  32 1 崇州
56182  3239  10334 2852.1  2 1 松潘
56183  3128  10335 1326.6  32 1 汶川
56184  3126  10310 1884.6  32 1 理县
56185  3205  10259 2400.5  32 1 黑水
56186  3120  10412 589.3  32 1 绵竹
56187  3045  10352 548.9  32 1 温江
56188  3100  10340 689.4  16 1 都江堰
56189  3059  10356 584.1  32 1 彭州
56190  3133  10433 518.3  32 1 安县
56192  3257  10440 1016.9  32 1 文县
56193  3225  10431 894.9  16 1 平武
56194  3149  10427 679.7  32 1 北川
56195  3147  10444 531.8  32 1 江油
56196  3127  10444 519.8  16 1 绵阳
56197  3108  10411 537.6  32 1 什邡
56198  3119  10430 523.7  32 1 德阳
56199  3102  10441 424.6  32 1 中江
56202  3040  9317 4489.8  16 1 嘉黎
56223  3045  9550 3641.0  32 1 洛隆
56227  2952  9546 2736.0  32 1 波密
56228  3003  9655 3261.0  32 1 八宿
56247  3000  9906 2590.2  4 1 巴塘
56251  3056  10019 2999.2  16 1 新龙
56257  3000  10016 3950.5  16 1 理塘
56263  3053  10153 1948.1  32 1 丹巴
56267  3002  10101 2598.7  32 1 雅江
56272  3049  10353 560.6  32 1 郫县
56273  3023  10249 1011.1  32 1 宝兴
56276  3027  10349 468.0  32 1 新津
56278  3004  10246 756.8  32 1 天全
56279  3009  10256 683.1  32 1 芦山
56280  3005  10307 692.5  32 1 名山
56281  3011  10330 512.0  32 1 蒲江
56284  3025  10329 502.9  32 1 邛崃
56285  3036  10331 525.3  32 1 大邑
56286  3033  10415 514.9  32 1 龙泉驿
56287  2959  10300 629.4  16 1 雅安
56288  3035  10355 495.8  32 1 双流
56289  3012  10352 439.6  32 1 彭山
56290  3047  10411 515.1  32 1 新都
56291  3058  10417 474.9  32 1 广汉
56295  3023  10433 443.1  32 1 简阳
56296  3051  10426 449.5  32 1 金堂
56297  3001  10409 431.4  32 1 仁寿
56298  3008  10436 415.9  32 1 资阳
56307  2909  9235 3260.9  32 1 加查
56312  2940  9420 2993.4  2 1 林芝
56317  2913  9413 2948.0  32 1 米林
56331  2940  9750 3781.0  32 1 左贡
56342  2941  9836 3871.0  32 1 芒康
56357  2903  10018 3728.6  16 1 稻城
56371  2955  10214 1322.1  32 1 泸定
56373  2947  10251 763.7  32 1 荥经
56374  3003  10158 2615.5  2 1 康定
56376  2921  10241 1098.7  32 1 汉源
56378  2914  10221 891.3  32 1 石棉
56380  2955  10322 466.9  32 1 洪雅
56381  3001  10331 497.0  32 1 丹棱
56382  2944  10336 408.0  32 1 夹江
56383  2950  10352 454.3  32 1 青神
56384  2936  10329 446.8  32 1 峨眉
56385  2931  10320 3047.4  4 1 峨眉山
56386  2934  10345 422.2  16 1 乐山
56387  2914  10316 639.5  32 1 峨边
56389  2912  10357 386.8  32 1 犍为
56390  2940  10404 403.6  32 1 井研
56391  3005  10349 416.3  32 1 眉山
56393  2946  10451 370.9  32 1 资中
56394  2927  10426 382.1  32 1 荣县
56395  2931  10440 349.5  32 1 威远
56396  2921  10446 352.6  32 1 自贡
56399  2911  10459 307.4  32 1 富顺
56434  2839  9728 2331.0  32 1 察隅
56441  2843  9917 2424.3  32 1 得荣
56443  2856  9948 2842.9  32 1 乡城
56444  2829  9855 3320.8  2 1 德钦
56459  2756  10116 2424.6  16 1 木里
56462  2900  10130 2931.4  4 1 九龙
56473  2857  10246 1061.5  32 1 甘洛
56474  2833  10210 1775.2  32 1 冕宁
56475  2839  10231 1660.1  16 1 越西
56478  2818  10226 1819.3  32 1 喜德
56479  2800  10251 2133.7  32 1 昭觉
56480  2849  10332 564.9  32 1 马边
56483  2836  10357 412.9  32 1 绥江
56485  2816  10335 1254.8  16 1 雷波
56487  2820  10308 1945.1  32 1 美姑
56489  2814  10338 876.3  32 1 永善
56490  2857  10354 396.9  32 1 沐川
56491  2842  10434 288.6  32 1 宜宾县
56492  2848  10436 342.1  2 1 宜宾
56493  2851  10458 297.2  32 1 南溪
56494  2839  10409 460.0  32 1 屏山
56496  2819  10514 330.0  32 1 兴文
56497  2806  10414 433.3  32 1 盐津
56498  2810  10430 442.4  32 1 筠连
56499  2823  10447 368.8  32 1 珙县
56533  2745  9840 1587.7  16 1 贡山
56543  2750  9942 3277.6  16 1 香格里拉
56548  2710  9917 2326.0  16 1 维西
56565  2726  10131 2545.0  16 1 盐源
56567  2718  10051 2242.3  32 1 宁蒗
56569  2725  10211 1381.2  32 1 德昌
56571  2754  10216 1592.7  2 1 西昌
56575  2722  10233 1429.2  32 1 普格
56578  2704  10245 1093.7  32 1 宁南
56580  2743  10248 2461.5  32 1 布拖
56582  2745  10354 1177.0  32 1 大关
56584  2742  10315 1093.7  32 1 金阳
56585  2711  10332 1916.0  32 1 鲁甸
56586  2721  10343 1950.0  16 1 昭通
56592  2826  10431 360.0  32 1 高县
56593  2835  10455 281.9  32 1 长宁
56594  2738  10403 884.0  32 1 彝良
56595  2725  10452 1644.3  32 1 镇雄
56596  2751  10503 1176.5  32 1 威信
56598  2708  10444 1538.7  32 1 赫章
56641  2654  9852 1191.5  32 1 福贡
56643  2552  9851 950.6  32 1 六库
56645  2625  9925 2345.9  32 1 兰坪
56646  2632  9955 2193.5  32 1 剑川
56649  2606  9958 2059.9  32 1 洱源
56651  2651  10013 2381.0  4 1 丽江
56652  2641  10045 2131.0  32 1 永胜
56654  2635  10011 2196.8  32 1 鹤庆
56664  2638  10116 1230.8  16 1 华坪
56665  2641  10151 1140.8  32 1 盐边
56666  2635  10143 1191.1  32 1 攀枝花
56669  2603  10140 1531.2  32 1 永仁
56670  2654  10207 1105.8  32 1 米易
56671  2639  10215 1788.6  4 1 会理
56673  2655  10255 894.9  32 1 巧家
56674  2630  10144 1107.6  32 1 仁和
56675  2639  10235 1695.7  32 1 会东
56684  2625  10317 2110.8  16 1 会泽
56688  2606  10310 1253.4  32 1 东川
56691  2652  10417 2239.2  2 1 威宁
56693  2635  10452 1817.2  32 1 水城
56697  2613  10405 1987.4  32 1 宣威
56739  2501  9830 1656.1  1 1 腾冲
56742  2554  9922 1663.9  32 1 云龙
56745  2541  9957 1627.2  32 1 漾濞
56746  2528  9931 1618.3  32 1 永平
56748  2507  9911 1651.2  16 1 保山
56751  2542  10011 1991.6  4 1 大理
56752  2550  10034 1440.3  32 1 宾川
56755  2521  10029 1670.0  32 1 弥渡
56756  2529  10035 1993.5  32 1 祥云
56757  2516  10017 1744.0  32 1 巍山
56761  2543  10119 1873.7  32 1 大姚
56763  2544  10152 1120.8  16 1 元谋
56764  2532  10114 1875.2  32 1 姚安
56766  2520  10131 1769.3  32 1 牟定
56767  2511  10117 1858.3  32 1 南华
56768  2502  10133 1820.9  4 1 楚雄
56772  2514  10230 1694.4  32 1 富民
56774  2532  10225 1712.0  32 1 武定
56775  2533  10227 1752.1  32 1 禄劝
56777  2509  10204 1566.8  32 1 禄丰
56778  2500  10239 1889.3  1 1 昆明
56781  2533  10316 1874.1  32 1 寻甸
56782  2525  10333 2064.8  32 1 马龙
56783  2530  10348 1906.3  32 1 曲靖
56785  2520  10302 1925.5  32 1 嵩明
56786  2535  10350 1900.1  4 1 沾益
56788  2502  10340 1842.0  32 1 陆良
56790  2541  10415 1920.5  32 1 富源
56792  2547  10458 1648.5  32 1 普安
56793  2543  10428 1796.0  16 1 盘县
56835  2404  9749 958.7  32 1 陇川
56836  2442  9757 828.1  32 1 盈江
56838  2400  9751 763.3  4 1 瑞丽
56839  2346  9849 994.5  32 1 镇康
56840  2449  9818 1013.0  32 1 粱河
56841  2436  9841 1527.6  32 1 龙陵
56842  2444  9911 1473.4  32 1 施甸
56843  2450  9937 1650.2  32 1 昌宁
56844  2426  9835 915.0  32 1 潞西
56846  2435  9956 1569.8  32 1 凤庆
56849  2402  9914 1607.2  32 1 永德
56851  2502  10031 1378.6  32 1 南涧
56854  2427  10008 1108.1  32 1 云县
56856  2428  10052 1163.5  16 1 景东
56862  2441  10136 1966.0  32 1 双柏
56863  2456  10229 1850.0  32 1 安宁
56867  2359  10107 1107.2  32 1 镇沅
56869  2404  10158 1498.2  32 1 新平
56870  2440  10210 1576.3  32 1 易门
56871  2439  10236 1894.2  32 1 晋宁
56872  2457  10237 2360.0  32 1 太华山
56873  2440  10254 1752.0  32 1 澄江
56875  2420  10233 1717.5  16 1 玉溪
56876  2417  10246 1732.5  32 1 江川
56878  2408  10245 1802.4  32 1 通海
56879  2412  10255 1610.3  32 1 华宁
56880  2455  10310 1532.9  32 1 宜良
56881  2445  10316 1694.7  32 1 石林
56882  2453  10248 1909.2  32 1 呈贡
56883  2450  10359 1846.2  32 1 师宗
56885  2424  10327 1416.7  32 1 弥勒
56886  2432  10346 1705.5  16 1 泸西
56889  2403  10410 1518.5  32 1 丘北
56891  2459  10419 1482.4  32 1 罗平
56898  2411  10224 1542.8  32 1 峨山
56944  2309  9916 1280.7  32 1 沧源
56946  2333  9924 1104.8  8 1 耿马
56948  2238  9936 1156.1  32 1 西盟
56949  2219  9936 946.1  32 1 孟连
56950  2328  9948 1044.0  32 1 双江
56951  2353  10005 1502.6  4 1 临沧
56952  2330  10042 914.0  32 1 景谷
56954  2234  9956 1054.4  16 1 澜沧
56958  2155  10025 1177.3  32 1 勐海
56959  2200  10047 581.1  4 1 景洪
56961  2302  10103 1321.3  32 1 宁洱
56962  2325  10140 1315.3  32 1 墨江
56964  2247  10058 1302.9  2 1 思茅
56966  2336  10159 401.6  4 1 元江
56969  2129  10134 633.2  16 1 勐腊
56970  2342  10229 1419.9  32 1 石屏
56973  2337  10250 1310.0  32 1 建水
56975  2322  10226 975.9  32 1 红河
56976  2314  10250 229.4  32 1 元阳
56977  2235  10151 1121.0  16 1 江城
56978  2300  10225 1640.7  32 1 绿春
56982  2342  10315 1055.8  32 1 开远
56984  2323  10309 1717.7  32 1 个旧
56985  2323  10323 1305.3  4 1 蒙自
56986  2259  10341 1412.1  2 1 屏边
56987  2247  10314 1261.1  32 1 金平
56989  2230  10357 138.3  32 1 河口
56991  2337  10420 1561.1  32 1 砚山
56992  2327  10442 1508.1  32 1 西畴
56994  2323  10415 1277.1  16 1 文山
56995  2302  10425 1335.4  32 1 马关
56996  2308  10442 1094.0  32 1 麻栗坡
57001  3445  10520 1273.0  32 1 甘谷
57002  3451  10539 1217.3  32 1 秦安
57003  3454  10650 925.1  32 1 陇县
57004  3444  10453 1496.0  32 1 武山
57006  3435  10545 1142.4  4 1 天水
57007  3411  10511 1406.0  32 1 礼县
57008  3402  10518 1578.9  32 1 西和
57011  3445  10609 1379.0  32 1 清水
57012  3459  10612 1665.8  32 1 张家川
57014  3434  10552 1085.9  32 1 麦积
57016  3421  10708 613.7  4 1 宝鸡
57020  3422  10724 563.7  32 1 宝鸡县
57021  3439  10708 751.5  32 1 千阳
57022  3441  10747 1026.4  32 1 麟游
57023  3502  10806 841.5  32 1 彬县
57024  3427  10739 671.1  32 1 岐山
57025  3431  10723 782.7  32 1 凤翔
57026  3422  10753 586.9  32 1 扶风
57027  3416  10744 518.4  32 1 眉县
57028  3402  10719 1544.4  32 1 太白
57029  3430  10829 544.4  32 1 礼泉
57030  3442  10809 995.4  32 1 永寿
57031  3449  10833 1013.5  32 1 淳化
57032  3408  10812 436.8  32 1 周至
57033  3433  10849 429.0  32 1 泾阳
57034  3415  10813 449.2  16 1 武功
57035  3433  10814 636.7  32 1 乾县
57036  3418  10856 398.6  2 1 西安
57037  3456  10859 711.8  32 1 耀县
57038  3417  10827 411.5  32 1 兴平
57039  3405  10853 445.8  32 1 长安
57040  3431  10905 378.9  32 1 高陵
57041  3438  10855 425.2  32 1 三原
57042  3447  10911 473.1  32 1 富平
57043  3448  10958 352.3  32 1 大荔
57044  3424  10914 424.8  32 1 临潼
57045  3431  10929 354.3  32 1 渭南
57046  3429  11005 2057.9  16 1 华山
57047  3410  10919 541.5  32 1 蓝田
57048  3424  10843 473.4  32 1 秦都
57049  3431  10944 342.3  32 1 华县
57051  3448  11112 411.3  32 1 三门峡
57052  3453  11027 355.0  32 1 永济
57053  3442  11043 507.1  32 1 芮城
57054  3433  11014 557.1  32 1 潼关
57055  3433  11005 352.9  32 1 华阴
57056  3432  11053 390.9  32 1 灵宝
57057  3406  11009 961.8  32 1 洛南
57060  3510  11114 404.2  32 1 夏县
57061  3450  11112 411.3  32 1 平陆
57063  3446  11146 524.4  32 1 渑池
57065  3430  11211 196.4  32 1 宜阳
57066  3423  11140 329.7  32 1 洛宁
57067  3403  11102 569.9  4 1 卢氏
57070  3444  11207 358.5  32 1 新安
57071  3449  11226 333.2  2 1 孟津
57072  3455  11245 128.5  32 1 孟州
57074  3425  11225 198.9  32 1 伊川
57075  3410  11252 203.7  32 1 汝州
57076  3443  11249 190.1  32 1 偃师
57077  3347  11139 738.8  16 1 栾川
57078  3409  11228 337.5  32 1 汝阳
57079  3457  11302 106.9  32 1 温县
57080  3444  11258 166.0  32 1 巩义
57081  3448  11326 141.8  32 1 荥阳
57082  3428  11301 428.3  32 1 登封
57083  3443  11339 111.3  1 1 郑州
57084  3430  11303 1180.5  32 1 嵩山
57085  3433  11322 289.3  32 1 新密
57086  3423  11343 116.5  32 1 新郑
57087  3412  11348 88.5  32 1 长葛
57088  3409  11330 117.7  32 1 禹州
57089  3402  11352 68.1  16 1 许昌
57090  3443  11358 79.9  32 1 中牟
57091  3447  11418 74.1  16 1 开封
57093  3451  11449 74.0  32 1 兰考
57094  3424  11413 71.1  32 1 尉氏
57095  3407  11409 61.7  32 1 鄢陵
57096  3432  11447 60.7  32 1 杞县
57098  3405  11424 59.3  32 1 扶沟
57099  3404  11451 53.6  32 1 太康
57102  3345  10543 971.1  32 1 成县
57105  3320  10536 1219.9  32 1 康县
57106  3319  10609 797.3  16 1 略阳
57110  3347  10605 930.1  32 1 徽县
57111  3355  10618 967.0  32 1 两当
57113  3354  10632 990.6  32 1 凤县
57119  3310  10642 551.9  32 1 勉县
57123  3417  10804 510.6  6 1 杨凌
57124  3338  10656 1031.6  32 1 留坝
57126  3313  10733 470.8  32 1 洋县
57127  3304  10702 509.8  2 1 汉中
57128  3310  10720 487.0  32 1 城固
57129  3259  10743 447.5  32 1 西乡
57131  3426  10858 411.0  6 1 泾河
57132  3407  10837 415.0  32 1 户县
57134  3331  10759 827.9  16 1 佛坪
57137  3319  10819 801.9  32 1 宁陕
57140  3340  10907 818.8  32 1 柞水
57143  3352  10958 743.8  16 1 商县
57144  3326  10909 696.2  16 1 镇安
57153  3341  11020 584.0  32 1 丹凤
57154  3332  11054 523.8  32 1 商南
57155  3333  10952 661.0  32 1 山阳
57156  3318  11130 252.0  16 1 西峡
57162  3409  11205 327.5  32 1 嵩县
57169  3303  11152 160.0  32 1 内乡
57173  3345  11253 147.5  32 1 鲁山
57175  3303  11214 192.0  32 1 镇平
57176  3329  11225 230.4  32 1 南召
57177  3320  11332 91.3  32 1 舞钢
57178  3302  11235 130.7  8 1 南阳
57179  3317  11300 161.5  32 1 方城
57180  3359  11312 118.6  32 1 郏县
57181  3353  11303 137.5  16 1 宝丰
57182  3351  11330 81.4  32 1 襄城
57183  3348  11355 61.5  32 1 临颍
57184  3338  11322 84.7  32 1 叶县
57185  3327  11335 92.3  32 1 舞阳
57186  3336  11403 59.3  32 1 漯河
57187  3304  11256 119.0  32 1 社旗
57188  3322  11402 56.7  32 1 西平
57189  3308  11357 65.5  32 1 遂平
57190  3345  11424 51.9  32 1 黄泛区农试站
57191  3429  11429 64.2  32 1 通许
57192  3344  11451 47.0  32 1 淮阳
57193  3347  11431 53.9  4 1 西华
57194  3317  11416 60.8  32 1 上蔡
57195  3337  11437 47.6  32 1 川汇区
57196  3328  11452 42.8  32 1 项城
57197  3300  11420 54.4  32 1 汝南
57198  3333  11437 47.3  32 1 商水
57204  3235  10514 801.8  32 1 青川
57206  3226  10551 513.5  32 1 广元
57208  3201  10528 538.0  32 1 剑阁
57211  3250  10615 832.9  32 1 宁强
57213  3300  10656 537.5  32 1 南郑
57216  3221  10650 577.2  32 1 南江
57217  3214  10617 493.0  32 1 旺苍
57231  3232  10832 504.9  32 1 紫阳
57232  3303  10816 485.0  16 1 石泉
57233  3254  10830 413.0  32 1 汉阴
57237  3204  10802 674.0  4 1 万源
57238  3232  10754 694.6  32 1 镇巴
57242  3251  10922 285.5  32 1 旬阳
57245  3243  10902 291.2  4 1 安康
57247  3219  10854 442.7  32 1 岚皋
57248  3224  10920 429.9  32 1 平利
57249  3219  10941 453.7  32 1 竹溪
57251  3300  11025 249.9  16 1 郧西
57253  3251  11049 204.0  32 1 郧县
57254  3249  11007 324.3  32 1 白河
57256  3239  11046 286.9  32 1 十堰
57257  3214  11014 309.3  32 1 竹山
57259  3203  11045 427.1  16 1 房县
57260  3233  11131 143.9  32 1 丹江口
57261  3308  11130 196.2  32 1 淅川
57265  3223  11141 91.2  2 1 老河口
57268  3216  11138 87.8  32 1 谷城
57271  3233  11223 89.5  32 1 新野
57273  3241  11251 110.5  32 1 唐河
57274  3242  11207 108.6  32 1 邓州
57278  3202  11210 69.6  32 1 襄樊
57279  3208  11245 127.0  16 1 枣阳
57281  3242  11318 142.5  32 1 泌阳
57285  3223  11325 149.1  32 1 桐柏
57290  3300  11401 83.8  16 1 驻马店
57292  3258  11438 44.6  32 1 平舆
57293  3244  11459 39.1  32 1 新蔡
57294  3250  11401 84.4  32 1 确山
57295  3237  11421 83.9  32 1 正阳
57296  3221  11444 50.1  32 1 息县
57297  3208  11403 115.1  2 1 信阳
57298  3213  11433 56.2  32 1 罗山
57299  3201  11454 50.6  32 1 光山
57303  3144  10555 460.1  32 1 苍溪
57304  3140  10510 517.7  32 1 梓潼
57306  3135  10558 385.4  16 1 阆中
57307  3106  10505 408.0  32 1 三台
57308  3113  10523 421.7  32 1 盐亭
57309  3059  10553 375.9  32 1 西充
57313  3152  10646 416.3  16 1 巴中
57314  3121  10604 385.8  32 1 南部
57315  3132  10624 658.2  32 1 仪陇
57317  3102  10625 323.5  32 1 蓬安
57318  3104  10633 339.6  32 1 营山
57320  3156  10713 483.1  32 1 通江
57324  3135  10705 363.3  32 1 平昌
57326  3122  10743 390.2  32 1 宣汉
57328  3112  10730 344.3  2 1 达县
57329  3106  10751 462.0  32 1 开江
57333  3157  10840 800.0  32 1 城口
57338  3111  10825 213.2  32 1 开县
57339  3057  10841 296.4  32 1 云阳
57343  3154  10932 994.5  32 1 镇坪
57345  3124  10937 339.8  32 1 巫溪
57348  3101  10932 300.3  4 1 奉节
57349  3104  10952 270.8  32 1 巫山
57355  3103  11021 335.0  32 1 巴东
57358  3050  11058 295.8  32 1 秭归
57359  3121  11044 333.4  32 1 兴山
57361  3153  11116 331.0  32 1 保康
57362  3145  11040 939.3  32 1 神农架
57363  3148  11150 146.0  32 1 南漳
57368  3103  11138 138.9  32 1 远安
57370  3144  11213 68.3  32 1 宜城
57377  3100  11213 184.8  32 1 荆门
57378  3110  11235 66.2  4 1 钟祥
57381  3137  11320 113.5  32 1 随州
57385  3138  11349 94.6  16 1 广水
57386  3115  11400 37.8  6 1 孝昌
57387  3100  11308 80.3  32 1 京山
57388  3116  11342 55.5  32 1 安陆
57389  3102  11345 33.5  32 1 云梦
57390  3148  11404 731.0  32 1 鸡公山
57395  3134  11407 71.8  32 1 大悟
57396  3138  11451 130.4  32 1 新县
57398  3117  11437 76.9  32 1 红安
57399  3111  11501 63.4  16 1 麻城
57401  3052  10522 380.1  32 1 射洪
57402  3046  10542 395.3  32 1 蓬溪
57405  3030  10533 355.1  16 1 遂宁
57407  3017  10502 464.6  32 1 乐至
57408  3007  10521 333.2  32 1 安岳
57409  3011  10548 295.5  32 1 潼南
57411  3047  10606 309.1  4 1 高坪
57413  3051  10658 295.9  32 1 渠县
57414  3033  10627 396.0  32 1 岳池
57415  3028  10638 336.4  32 1 广安
57416  3020  10656 3915.0  32 1 邻水
57417  3021  10617 315.1  32 1 武胜
57420  3045  10712 397.4  32 1 大竹
57425  3020  10720 430.5  32 1 垫江
57426  3041  10748 459.4  16 1 梁平
57431  3050  10821 256.8  32 1 天城
57432  3046  10824 188.8  16 1 万州
57437  3018  10802 326.3  32 1 忠县
57438  2959  10807 630.3  32 1 石柱
57439  3017  10856 1072.5  32 1 利川
57445  3036  10943 612.1  32 1 建始
57447  3017  10928 458.0  4 1 恩施
57453  3046  11119 116.8  32 1 夷陵区
57458  3012  11040 616.8  16 1 五峰
57460  3049  11147 91.5  32 1 当阳
57461  3042  11118 134.3  2 1 宜昌
57462  3052  11105 104.6  32 1 三峡
57464  3028  11111 144.2  32 1 长阳
57465  3023  11127 76.3  32 1 宜都
57466  3026  11146 50.7  32 1 枝江
57469  3011  11146 68.7  32 1 松滋
57475  3024  11254 33.0  32 1 潜江
57476  3021  11209 33.4  16 1 荆州
57477  3004  11213 39.3  32 1 公安
57481  3057  11335 31.5  32 1 应城
57482  3054  11357 26.1  32 1 孝感
57483  3040  11310 35.9  32 1 天门
57485  3022  11327 33.3  32 1 仙桃
57486  3039  11351 25.9  32 1 汉川
57489  3035  11400 39.4  32 1 蔡甸
57491  3052  11424 31.9  32 1 黄陂
57492  3050  11448 33.3  32 1 新洲
57493  3020  11420 73.0  32 1 江夏
57494  3036  11403 24.5  2 1 武汉
57495  3040  11453 19.6  6 1 团风
57496  3022  11452 30.1  32 1 鄂州
57498  3026  11454 22.3  32 1 黄冈
57499  3006  11458 40.7  32 1 大冶
57502  2942  10542 395.3  32 1 大足
57503  2937  10507 351.4  32 1 东兴区
57505  2925  10535 324.0  32 1 荣昌
57506  2922  10554 376.3  32 1 永川
57507  2920  10518 374.2  32 1 隆昌
57508  2909  10522 302.2  32 1 泸县
57509  2857  10656 325.3  32 1 万盛
57510  2951  10603 275.5  32 1 铜梁
57511  2951  10627 242.9  32 1 北碚
57512  2958  10617 231.1  32 1 合川
57513  2944  10637 457.9  32 1 渝北
57514  2935  10613 325.0  32 1 璧山
57516  2935  10628 260.4  1 1 沙坪坝
57517  2917  10615 256.3  32 1 江津
57518  2923  10632 243.8  32 1 巴南
57519  2909  10705 559.5  32 1 南川
57520  2950  10704 379.4  32 1 长寿
57522  2945  10725 273.1  16 1 涪陵
57523  2951  10744 290.4  32 1 丰都
57525  2919  10745 273.3  32 1 武隆
57536  2932  10847 608.8  32 1 黔江
57537  2918  10810 321.5  32 1 彭水
57540  2941  10909 776.9  32 1 咸丰
57541  3000  10929 533.4  32 1 宣恩
57543  2953  11002 540.7  32 1 鹤峰
57544  2928  10927 486.9  32 1 龙山
57545  2932  10925 499.8  16 1 来凤
57554  2924  11010 320.9  16 1 桑植
57558  2908  11028 184.5  32 1 张家界
57562  2935  11122 116.8  16 1 石门
57564  2926  11108 103.8  32 1 慈利
57565  2939  11145 39.6  32 1 澧县
57566  2927  11139 50.7  32 1 临澧
57571  2942  11224 37.0  32 1 石首
57573  2950  11255 34.1  32 1 监利
57574  2922  11224 35.8  16 1 南县
57575  2931  11234 32.7  32 1 华容
57577  2924  11210 37.5  32 1 安乡
57581  2949  11327 27.5  32 1 洪湖
57582  2944  11353 51.0  32 1 赤壁
57583  2959  11355 36.5  16 1 嘉鱼
57584  2923  11305 49.7  16 1 岳阳
57585  2929  11327 60.2  32 1 临湘
57586  2932  11402 79.2  32 1 崇阳
57589  2915  11348 103.5  32 1 通城
57590  2951  11422 64.7  32 1 咸宁
57595  2936  11430 76.6  32 1 通山
57596  2938  11412 0.0  6 1 金沙
57598  2902  11435 147.4  4 1 修水
57600  2843  10504 256.7  32 1 江安
57603  2849  10550 283.4  32 1 合江
57604  2847  10523 369.4  32 1 纳溪
57605  2802  10549 539.0  32 1 古蔺
57606  2808  10650 972.5  16 1 桐梓
57608  2810  10526 378.6  16 1 叙永
57609  2835  10542 316.5  32 1 赤水
57612  2901  10639 255.3  32 1 綦江
57614  2820  10613 1179.0  32 1 习水
57623  2853  10736 684.6  32 1 道真
57625  2833  10727 678.2  32 1 正安
57633  2850  10846 665.2  4 1 酉阳
57634  2831  10753 658.0  32 1 务川
57635  2827  10859 363.6  32 1 秀山
57636  2834  10830 335.4  32 1 沿河
57637  2815  10807 524.2  32 1 德江
57640  2835  10927 344.6  32 1 花垣
57642  2842  10938 323.5  32 1 保靖
57643  2900  10950 268.6  32 1 永顺
57646  2837  10957 301.8  32 1 古丈
57647  2809  10911 406.9  32 1 松桃
57649  2819  10944 207.4  16 1 吉首
57655  2828  11024 151.4  4 1 沅陵
57657  2813  11012 182.8  32 1 泸溪
57658  2801  11012 144.4  32 1 辰溪
57661  2855  11129 51.5  32 1 桃源
57662  2903  11141 34.6  4 1 常德
57663  2855  11157 31.5  32 1 汉寿
57666  2831  11208 49.0  32 1 桃江
57669  2823  11113 129.4  16 1 安化
57671  2851  11222 35.5  16 1 沅江
57673  2841  11253 54.6  32 1 湘阴
57674  2834  11228 44.1  32 1 赫山
57678  2815  11233 71.4  32 1 宁乡
57679  2812  11305 45.7  1 1 马坡岭
57680  2848  11304 47.1  32 1 汨罗
57682  2843  11334 105.0  16 1 平江
57687  2813  11255 66.9  1 1 长沙
57688  2809  11338 100.3  32 1 浏阳
57694  2832  11423 256.2  32 1 铜鼓
57696  2824  11447 91.4  32 1 宜丰
57698  2807  11427 99.5  32 1 万载
57699  2814  11455 68.0  32 1 上高
57707  2718  10517 1511.5  4 1 毕节
57708  2709  10536 1704.0  32 1 大方
57710  2748  10624 890.3  32 1 仁怀
57712  2744  10657 983.8  32 1 汇川
57713  2742  10653 844.0  4 1 遵义
57714  2728  10614 942.8  32 1 金沙
57717  2732  10650 974.5  32 1 遵义县
57718  2706  10644 1040.5  32 1 息烽
57719  2704  10658 1280.7  32 1 开阳
57720  2753  10710 888.2  32 1 绥阳
57722  2746  10728 792.9  32 1 湄潭
57723  2759  10743 710.5  32 1 凤冈
57728  2704  10728 1095.5  32 1 瓮安
57729  2714  10753 621.3  32 1 余庆
57731  2757  10815 417.7  4 1 思南
57732  2801  10824 458.0  32 1 印江
57734  2734  10814 468.5  32 1 石阡
57735  2711  10849 396.5  32 1 岑巩
57736  2742  10851 376.2  32 1 江口
57737  2702  10807 546.8  32 1 施秉
57738  2703  10825 517.0  32 1 镇远
57739  2714  10853 375.6  32 1 玉屏
57740  2757  10936 349.7  32 1 凤凰
57741  2743  10911 283.5  32 1 铜仁
57742  2731  10912 883.4  32 1 万山
57743  2753  10948 176.5  32 1 麻阳
57744  2722  10910 356.1  32 1 新晃
57745  2727  10941 273.2  2 1 芷江
57749  2734  11000 261.2  16 1 怀化
57752  2755  11036 203.9  32 1 溆浦
57754  2721  11009 170.7  32 1 洪江
57758  2704  11035 323.0  32 1 洞口
57760  2742  11126 247.3  32 1 冷水江
57761  2745  11118 213.4  32 1 新化
57762  2741  11142 163.4  32 1 涟源
57763  2744  11200 151.1  32 1 娄底
57766  2714  11128 248.2  4 1 邵阳市
57767  2707  11102 266.3  32 1 隆回
57768  2719  11127 242.0  32 1 新邵
57769  2714  11144 257.3  32 1 邵东
57771  2756  11231 89.5  32 1 韶山
57772  2745  11230 84.9  32 1 湘乡
57773  2752  11249 63.9  32 1 湘潭
57774  2727  11210 101.9  16 1 双峰
57776  2718  11242 1268.1  16 1 南岳
57777  2714  11252 65.5  32 1 衡山
57778  2706  11257 68.1  32 1 衡东
57779  2700  11321 100.7  32 1 攸县
57780  2752  11310 72.4  32 1 株洲
57781  2739  11330 71.4  32 1 醴陵
57786  2739  11351 110.0  32 1 萍乡
57789  2708  11357 185.0  32 1 莲花
57792  2749  11441 93.4  32 1 分宜
57793  2748  11423 131.5  16 1 宜春
57796  2748  11456 79.2  32 1 新余
57798  2724  11436 89.2  32 1 安福
57799  2703  11455 70.0  4 1 吉安县
57800  2646  10522 1458.6  32 1 纳雍
57803  2702  10601 1234.0  16 1 黔西
57805  2641  10546 1323.0  32 1 织金
57806  2615  10554 1430.5  16 1 安顺
57807  2612  10528 1359.0  32 1 六枝
57808  2619  10545 1272.6  32 1 普定
57809  2604  10545 1251.7  32 1 镇宁
57811  2651  10636 1242.3  32 1 修文
57813  2634  10628 1265.8  32 1 清镇
57814  2625  10616 1285.9  32 1 平坝
57816  2635  10644 1224.3  2 1 贵阳
57818  2602  10627 1145.3  32 1 长顺
57821  2642  10730 924.6  32 1 福泉
57822  2654  10754 833.8  32 1 黄平
57824  2635  10714 1005.7  32 1 贵定
57825  2636  10759 721.2  16 1 凯里
57827  2619  10732 985.5  32 1 都匀
57828  2630  10735 983.8  32 1 麻江
57829  2612  10748 964.4  32 1 丹寨
57832  2658  10840 627.3  16 1 三穗
57834  2641  10818 642.8  32 1 台江
57835  2643  10826 521.6  32 1 剑河
57837  2624  10804 838.5  32 1 雷山
57839  2614  10909 569.4  32 1 黎平
57840  2656  10912 401.7  32 1 天柱
57841  2634  10940 318.9  32 1 靖州
57842  2653  10943 281.1  32 1 会同
57844  2641  10911 344.9  32 1 锦屏
57845  2610  10947 397.4  16 1 通道
57846  2635  11009 307.1  32 1 绥宁
57851  2627  11051 307.3  32 1 新宁
57853  2644  11038 340.1  16 1 武冈
57857  2622  11019 475.8  32 1 城步
57859  2602  11038 409.0  32 1 资源
57860  2700  11117 282.9  32 1 邵阳县
57865  2628  11135 166.1  32 1 冷水滩
57866  2614  11137 172.1  4 1 永州
57867  2624  11117 169.8  32 1 东安
57868  2636  11152 113.4  32 1 祁阳
57870  2648  11206 151.6  32 1 祁东
57871  2659  11222 91.0  32 1 衡阳县
57872  2654  11236 104.8  16 1 衡阳
57874  2625  11224 116.4  32 1 常宁
57875  2653  11230 71.5  32 1 衡南
57876  2626  11250 118.9  32 1 耒阳
57881  2643  11315 105.0  32 1 安仁
57882  2647  11333 135.3  32 1 茶陵
57883  2645  11417 257.1  16 1 夏坪
57886  2630  11347 226.5  32 1 炎陵
57887  2608  11307 124.1  32 1 永兴
57889  2605  11357 828.4  32 1 桂东
57891  2656  11415 144.6  32 1 永新
57894  2635  11410 841.6  32 1 井冈山
57895  2628  11447 96.8  32 1 万安
57896  2620  11430 125.3  32 1 遂川
57899  2648  11455 66.2  32 1 泰和
57900  2550  10513 1553.6  32 1 晴隆
57902  2526  10511 1379.3  4 1 兴仁
57903  2556  10536 1138.4  32 1 关岭
57905  2524  10538 1063.8  32 1 贞丰
57906  2511  10605 567.0  16 1 望谟
57907  2505  10454 1298.6  32 1 兴义
57908  2507  10529 1393.5  32 1 安龙
57909  2459  10549 584.8  32 1 册亨
57910  2546  10605 1201.3  32 1 紫云
57911  2640  10639 1325.9  32 1 白云
57912  2608  10638 992.2  32 1 惠水
57913  2627  10659 1095.7  32 1 龙里
57914  2625  10640 1143.9  32 1 花溪
57915  2638  10646 1102.6  32 1 乌当
57916  2526  10646 440.1  16 1 罗甸
57921  2550  10719 710.2  32 1 平塘
57922  2550  10733 1015.5  4 1 独山
57923  2559  10752 418.5  32 1 三都
57926  2525  10753 432.9  32 1 荔波
57927  2458  10711 283.4  32 1 天峨
57932  2558  10832 288.8  16 1 榕江
57936  2545  10855 255.0  32 1 从江
57941  2547  10936 198.4  32 1 三江
57942  2548  11000 267.4  32 1 龙胜
57947  2513  10924 122.5  16 1 融安
57948  2505  10915 123.4  32 1 融水
57949  2459  11000 157.0  32 1 永福
57954  2514  11011 158.8  32 1 临桂
57955  2537  11040 224.0  32 1 兴安
57956  2525  11019 169.1  32 1 灵川
57957  2519  11018 163.2  2 1 桂林
57958  2505  11019 152.5  32 1 雁山
57960  2556  11104 192.6  32 1 全州
57962  2558  11139 166.0  32 1 双牌
57964  2530  11109 258.0  32 1 灌阳
57965  2532  11136 191.0  16 1 道县
57966  2536  11157 205.0  32 1 宁远
57969  2516  11120 230.6  32 1 江永
57971  2555  11212 225.1  32 1 新田
57972  2548  11302 187.1  4 1 郴州
57973  2545  11243 328.6  32 1 桂阳
57974  2535  11222 212.6  32 1 嘉禾
57975  2523  11212 278.8  32 1 蓝山
57976  2525  11257 226.4  32 1 宜章
57978  2517  11233 291.0  32 1 临武
57981  2559  11313 141.9  32 1 资兴
57985  2534  11341 608.0  32 1 汝城
57988  2509  11321 103.4  32 1 乐昌
57989  2506  11344 96.0  32 1 仁化
57990  2542  11418 252.1  32 1 崇义
57991  2548  11433 148.4  32 1 上犹
57992  2540  11445 129.4  32 1 南康
57993  2552  11500 138.4  2 1 赣县
57994  2524  11421 208.7  32 1 大余
57995  2524  11456 166.5  32 1 信丰
57996  2508  11419 134.5  16 1 南雄
58001  3426  11506 57.1  32 1 睢县
58002  3451  11535 53.6  32 1 曹县
58003  3457  11553 48.0  32 1 成武
58004  3439  11509 61.4  32 1 民权
58005  3427  11540 51.5  16 1 商丘
58006  3423  11553 47.2  32 1 虞城
58007  3404  11518 53.2  32 1 柘城
58008  3428  11520 55.4  32 1 宁陵
58011  3448  11604 44.3  32 1 单县
58012  3441  11635 40.6  32 1 丰县
58013  3445  11654 40.0  32 1 沛县
58015  3427  11620 44.3  16 1 砀山
58016  3411  11658 39.3  32 1 萧县
58017  3415  11608 42.0  32 1 夏邑
58020  3448  11708 38.5  32 1 微山
58021  3447  11717 80.9  32 1 薛城
58022  3445  11734 48.8  32 1 峄城
58024  3452  11735 78.5  32 1 枣庄
58025  3434  11744 32.3  32 1 台儿庄
58026  3418  11757 24.0  32 1 邳州
58027  3417  11709 42.0  2 1 徐州
58030  3451  11804 47.6  32 1 苍山
58032  3456  11839 75.1  32 1 临沭
58034  3436  11819 37.5  32 1 郯城
58035  3420  11821 30.6  32 1 新沂
58036  3431  11844 39.9  32 1 东海
58038  3405  11847 9.0  32 1 沭阳
58040  3451  11908 10.8  4 1 赣榆
58041  3447  11926 22.0  32 1 西连岛
58044  3432  11914 5.1  32 1 连云港
58045  3412  11936 8.4  32 1 响水
58047  3418  11914 5.1  32 1 灌云
58048  3407  11921 9.1  32 1 灌南
58049  3402  11949 7.8  32 1 滨海
58100  3339  11510 42.6  32 1 郸城
58101  3352  11529 42.0  32 1 鹿邑
58102  3352  11546 42.0  16 1 亳州
58104  3324  11504 42.0  32 1 沈丘
58107  3304  11515 40.4  32 1 临泉
58108  3314  11520 46.9  32 1 界首
58109  3311  11537 37.2  32 1 太和
58111  3358  11627 32.5  32 1 永城
58112  3044  11627 933.0  6 1 天柱山
58113  3356  11645 35.4  32 1 濉溪
58114  3329  11611 29.9  32 1 涡阳
58116  3359  11650 32.2  32 1 淮北
58117  3308  11612 33.0  32 1 利辛
58118  3317  11633 31.3  32 1 蒙城
58122  3338  11659 27.1  16 1 宿州
58125  3333  11733 28.1  32 1 灵璧
58126  3328  11752 24.4  32 1 泗县
58127  3259  11712 23.2  32 1 怀远
58128  3319  11718 23.6  32 1 固镇
58129  3308  11752 20.4  32 1 五河
58130  3356  11758 24.5  32 1 睢宁
58131  3359  11816 28.0  32 1 宿豫
58132  3343  11841 19.0  32 1 泗阳
58135  3329  11813 19.5  32 1 泗洪
58138  3259  11831 42.8  16 1 盱眙
58139  3318  11853 13.9  32 1 洪泽
58140  3346  11918 13.7  32 1 涟水
58141  3338  11901 14.5  32 1 淮安
58143  3348  11951 6.1  32 1 阜宁
58145  3332  11910 8.3  32 1 楚州
58146  3328  11946 7.4  32 1 建湖
58147  3259  11858 28.6  32 1 金湖
58148  3314  11918 11.4  32 1 宝应
58150  3346  12015 6.7  2 1 射阳
58154  3326  12012 7.2  32 1 盐城
58158  3312  12029 4.1  32 1 大丰
58202  3238  11535 37.3  32 1 阜南
58203  3252  11544 37.7  4 1 阜阳
58205  3228  11526 36.1  32 1 淮滨
58207  3210  11503 42.5  32 1 潢川
58208  3210  11537 42.4  16 1 固始
58210  3239  11614 25.6  32 1 颍上
58212  3243  11644 27.3  32 1 凤台
58214  3220  11617 37.4  32 1 霍邱
58215  3233  11647 23.5  16 1 寿县
58220  3228  11709 32.6  32 1 长丰
58221  3255  11724 22.8  4 1 蚌埠
58222  3251  11733 31.6  32 1 凤阳
58223  3247  11759 38.7  32 1 明光
58224  3239  11701 36.9  32 1 淮南
58225  3232  11740 76.8  32 1 定远
58230  3205  11816 34.5  32 1 全椒
58234  3228  11825 43.4  32 1 来安
58235  3222  11851 16.9  32 1 六合
58236  3218  11818 32.9  32 1 滁州
58237  3203  11837 22.8  32 1 浦口
58238  3156  11854 36.1  2 1 南京
58240  3241  11901 25.4  32 1 天长
58241  3248  11927 10.0  16 1 高邮
58242  3217  11911 14.9  32 1 仪征
58243  3256  11950 7.3  32 1 兴化
58244  3227  11935 10.3  32 1 江都
58245  3225  11925 14.7  32 1 扬州
58246  3231  11954 11.0  32 1 泰州
58247  3215  11949 5.8  32 1 扬中
58249  3210  12000 8.5  32 1 泰兴
58250  3231  12009 10.5  32 1 姜堰
58251  3251  12017 4.1  4 1 东台
58252  3211  11928 32.1  32 1 丹徒
58254  3231  12027 5.2  32 1 海安
58255  3222  12034 5.8  32 1 如皋
58257  3159  12015 12.6  32 1 靖江
58259  3205  12059 10.6  16 1 南通
58264  3220  12111 11.1  32 1 如东
58265  3204  12136 9.8  4 1 吕泗
58268  3206  12105 8.5  32 1 通州
58269  3147  12139 12.5  32 1 启东
58301  3149  11523 90.1  32 1 商城
58306  3141  11553 94.6  32 1 金寨
58311  3144  11630 60.4  32 1 六安
58314  3124  11619 72.7  4 1 霍山
58316  3128  11657 26.2  32 1 舒城
58317  3052  11622 434.8  32 1 岳西
58319  3104  11657 82.4  32 1 桐城
58320  3144  11708 26.5  32 1 肥西
58321  3147  11718 27.6  4 1 合肥
58323  3153  11728 29.8  32 1 肥东
58326  3135  11750 27.9  32 1 巢湖
58327  3115  11717 24.7  32 1 庐江
58329  3120  11752 24.4  32 1 无为
58330  3145  11805 20.9  32 1 含山
58331  3144  11822 26.8  32 1 和县
58334  3123  11822 23.1  32 1 芜湖
58335  3134  11831 16.8  32 1 当涂
58336  3142  11831 24.0  32 1 马鞍山
58337  3105  11811 30.8  32 1 繁昌
58338  3109  11835 15.2  16 1 芜湖县
58339  3120  11854 24.6  32 1 高淳
58340  3139  11902 23.8  32 1 溧水
58341  3159  11935 10.6  32 1 丹阳
58342  3143  11933 7.7  32 1 金坛
58343  3153  11959 5.9  16 1 常州
58344  3158  11912 35.0  32 1 句容
58345  3126  11929 8.1  16 1 溧阳
58346  3120  11949 15.8  32 1 宜兴
58349  3116  12038 9.8  32 1 吴中
58351  3154  12018 12.2  32 1 江阴
58352  3139  12046 8.8  32 1 常熟
58353  3152  12034 6.9  32 1 张家港
58354  3137  12021 4.1  32 1 无锡
58356  3124  12100 8.6  32 1 昆山
58358  3104  12026 21.2  16 1 东山
58359  3108  12037 9.0  32 1 吴江
58360  3155  12112 6.5  32 1 海门
58361  3106  12122 10.2  32 1 闵行
58362  3123  12127 9.5  1 1 宝山
58365  3122  12115 9.2  32 1 嘉定
58366  3138  12124 9.7  32 1 崇明
58367  3112  12126 18.9  8 1 徐家汇
58369  3103  12147 9.8  32 1 南汇
58370  3113  12133 11.6  6 1 浦东
58377  3128  12106 6.3  32 1 太仓
58401  3047  11524 106.8  32 1 罗田
58402  3044  11540 132.6  16 1 英山
58404  3028  11513 57.3  32 1 浠水
58407  3014  11502 32.4  16 1 黄石
58408  3014  11526 35.4  32 1 蕲春
58409  3004  11556 20.2  32 1 黄梅
58414  3027  11618 71.9  32 1 太湖
58415  3038  11635 38.7  32 1 潜山
58416  3045  11649 38.7  32 1 怀宁
58417  3010  11608 50.3  32 1 宿松
58418  3008  11642 26.1  32 1 望江
58419  3006  11701 19.2  32 1 东至
58420  3043  11713 38.4  32 1 枞阳
58421  3038  11752 32.7  32 1 青阳
58423  3029  11747 643.2  32 1 九华山
58424  3032  11703 19.6  2 1 安庆
58426  3018  11808 192.8  32 1 黄山区
58427  3040  11729 36.0  32 1 池州
58428  3013  11729 115.0  32 1 石台
58429  3058  11747 37.8  32 1 铜陵
58431  3055  11819 17.3  32 1 南陵
58432  3041  11824 39.5  32 1 泾县
58433  3056  11845 30.7  32 1 宣城
58435  3018  11832 221.7  32 1 旌德
58436  3037  11859 92.2  32 1 宁国
58437  3008  11809 1835.0  4 1 黄山
58438  3005  11835 197.0  32 1 绩溪
58441  3052  11925 53.0  32 1 广德
58442  3108  11911 16.7  32 1 郎溪
58443  3101  11954 19.8  32 1 长兴
58446  3038  11941 25.7  32 1 安吉
58448  3018  11944 108.2  32 1 临安
58449  3003  11957 47.9  32 1 富阳
58450  3052  12003 7.8  32 1 湖州
58451  3050  12056 3.2  32 1 嘉善
58452  3044  12046 4.5  32 1 嘉兴
58453  3004  12030 10.7  32 1 绍兴
58454  3032  11958 5.1  32 1 德清
58455  3031  12039 8.1  32 1 海宁
58456  3038  12031 6.7  32 1 桐乡
58457  3014  12010 43.3  2 1 杭州
58458  3032  12054 3.9  32 1 海盐
58459  3011  12017 42.4  32 1 萧山
58460  3044  12121 6.2  32 1 金山
58461  3108  12107 8.9  32 1 青浦
58462  3102  12114 9.1  32 1 松江
58463  3053  12130 9.5  32 1 奉贤
58464  3037  12105 6.9  16 1 平湖
58467  3012  12116 5.3  32 1 慈溪
58468  3003  12110 10.1  32 1 余姚
58472  3044  12227 70.7  4 1 嵊泗
58474  3038  12203 44.4  6 1 小洋山
58477  3002  12206 36.7  4 1 定海
58484  3015  12212 9.4  32 1 岱山
58500  2952  11512 47.0  32 1 阳新
58501  2956  11538 25.8  32 1 武穴
58502  2944  11600 37.1  32 1 九江
58503  2942  11541 41.2  32 1 瑞昌
58506  2935  11559 1165.3  16 1 庐山
58507  2915  11507 105.7  32 1 武宁
58508  2920  11546 42.9  32 1 德安
58509  2903  11549 38.5  32 1 永修
58510  2944  11614 40.9  32 1 湖口
58512  2954  11633 66.8  32 1 彭泽
58514  2927  11603 35.6  32 1 星子
58517  2916  11612 43.0  32 1 都昌
58519  2900  11641 45.2  16 1 波阳
58520  2951  11743 138.9  32 1 祁门
58523  2956  11756 231.3  32 1 黟县
58527  2918  11712 62.9  4 1 景德镇
58529  2916  11751 82.0  32 1 婺源
58530  2952  11826 170.1  32 1 歙县
58531  2943  11817 141.7  16 1 屯溪
58534  2947  11811 173.4  32 1 休宁
58537  2908  11824 153.2  32 1 开化
58542  2949  11941 45.3  32 1 桐庐
58543  2937  11901 172.2  32 1 淳安
58544  2929  11916 87.2  32 1 建德
58546  2928  11953 114.2  32 1 浦江
58547  2902  11911 65.1  32 1 龙游
58548  2913  11928 46.7  32 1 兰溪
58549  2907  11939 61.4  16 1 金华
58550  2942  12015 39.4  32 1 诸暨
58553  3003  12049 6.4  32 1 上虞
58555  2931  12053 112.3  32 1 新昌
58556  2936  12049 103.8  16 1 嵊州
58557  2920  12005 87.6  32 1 义乌
58558  2916  12013 89.0  32 1 东阳
58559  2910  12059 59.5  32 1 天台
58561  2959  12136 3.4  1 1 镇海
58562  2947  12133 4.6  4 1 鄞州
58563  2953  12150 4.1  32 1 北仑
58565  2941  12126 6.4  32 1 奉化
58566  2928  12153 14.1  32 1 象山
58567  2919  12126 39.6  32 1 宁海
58568  2907  12123 35.9  32 1 三门
58569  2912  12157 124.5  4 1 石浦
58570  2957  12218 83.0  32 1 普陀
58599  2904  12454 0.0  6 1 平湖油田
58600  2852  11522 80.9  32 1 靖安
58601  2842  11523 54.9  32 1 奉新
58602  2851  11533 46.8  32 1 安义
58605  2825  11523 49.1  32 1 高安
58606  2836  11555 49.3  2 1 南昌
58607  2833  11557 35.9  32 1 南昌县
58608  2804  11533 35.4  16 1 樟树
58609  2813  11549 30.3  32 1 丰城
58612  2842  11641 22.0  32 1 余干
58614  2823  11616 40.4  32 1 进贤
58615  2841  11705 56.0  32 1 万年
58616  2812  11649 44.3  32 1 余江
58618  2814  11636 51.3  32 1 东乡
58619  2800  11622 47.3  6 1 临川
58620  2858  11708 37.5  32 1 乐平
58622  2857  11735 85.0  32 1 德兴
58623  2828  11755 92.2  32 1 上饶县
58624  2824  11726 64.5  32 1 弋阳
58625  2825  11736 80.2  32 1 横峰
58626  2818  11713 51.7  16 1 贵溪
58627  2815  11702 64.8  32 1 鹰潭
58629  2819  11742 59.0  32 1 铅山
58631  2854  11830 134.3  32 1 常山
58632  2843  11836 124.1  32 1 江山
58633  2900  11854 82.7  2 1 衢州
58634  2841  11815 113.7  16 1 玉山
58635  2826  11812 96.3  32 1 广丰
58637  2827  11759 119.0  32 1 上饶
58642  2853  11948 102.6  32 1 武义
58643  2854  12002 99.4  32 1 永康
58644  2836  11917 237.2  32 1 遂昌
58646  2827  11955 59.6  16 1 丽水
58647  2804  11908 196.3  16 1 龙泉
58652  2852  12043 79.1  32 1 仙居
58654  2840  12005 184.9  32 1 缙云
58656  2807  12058 7.5  32 1 乐清
58657  2809  12017 59.0  32 1 青田
58658  2809  12041 36.4  32 1 永嘉
58659  2802  12039 29.0  4 1 温州
58660  2851  12108 8.9  16 1 临海
58664  2822  12122 33.6  32 1 温岭
58665  2837  12125 5.3  4 1 洪家
58666  2827  12154 84.4  2 1 大陈
58667  2805  12116 99.4  16 1 玉环
58693  2842  11550 37.0  32 1 新建
58696  2831  12454 0.0  6 1 春晓油田
58701  2746  11524 47.8  32 1 新干
58704  2737  11521 61.4  32 1 峡江
58705  2720  11525 82.2  32 1 永丰
58706  2726  11550 180.0  32 1 乐安
58707  2713  11508 66.2  32 1 吉水
58710  2746  11603 76.4  32 1 崇仁
58712  2755  11647 123.4  32 1 金溪
58713  2743  11704 220.6  32 1 资溪
58714  2733  11614 115.1  32 1 宜黄
58715  2735  11639 78.5  4 1 南城
58718  2713  11632 107.4  32 1 南丰
58719  2718  11656 123.6  32 1 黎川
58724  2731  11718 264.0  32 1 光泽
58725  2720  11728 218.9  2 1 邵武
58730  2746  11802 222.7  16 1 武夷山
58731  2755  11832 276.8  4 1 浦城
58734  2720  11807 196.1  32 1 建阳
58735  2731  11848 201.0  32 1 松溪
58736  2722  11849 220.9  32 1 政和
58737  2703  11819 155.9  16 1 建瓯
58742  2807  11933 159.6  32 1 云和
58744  2727  11925 814.7  32 1 寿宁
58745  2737  11904 368.7  32 1 庆元
58746  2733  11942 514.2  32 1 泰顺
58747  2709  11921 900.1  32 1 周宁
58748  2706  11939 51.1  32 1 福安
58749  2714  11953 680.1  32 1 柘荣
58750  2747  12005 106.4  32 1 文成
58751  2741  12033 5.5  32 1 平阳
58752  2747  12039 37.9  32 1 瑞安
58754  2720  12012 37.0  4 1 福鼎
58760  2750  12109 64.5  16 1 洞头
58804  2621  11521 153.0  32 1 兴国
58806  2629  11601 210.1  32 1 宁都
58813  2651  11620 141.6  16 1 广昌
58814  2621  11621 237.0  32 1 石城
58818  2614  11638 359.4  32 1 宁化
58819  2610  11648 329.0  32 1 清流
58820  2654  11710 341.6  16 1 泰宁
58821  2644  11728 174.9  32 1 将乐
58822  2650  11651 341.8  32 1 建宁
58823  2648  11748 173.7  32 1 顺昌
58824  2624  11709 355.9  32 1 明溪
58826  2624  11748 120.5  32 1 沙县
58828  2616  11737 206.4  32 1 三明
58834  2638  11810 152.3  4 1 南平
58836  2635  11844 359.1  32 1 古田
58837  2610  11809 135.2  32 1 尤溪
58839  2614  11851 42.5  32 1 闽清
58843  2653  12001 52.1  32 1 霞浦
58844  2609  11909 49.6  32 1 闽侯
58845  2630  11932 57.2  32 1 罗源
58846  2640  11931 30.5  16 1 宁德
58847  2605  11917 85.4  2 1 福州
58848  2612  11933 12.3  32 1 连江
58850  2655  12014 88.0  6 1 三沙
58903  2554  11602 208.4  32 1 瑞金
58905  2558  11525 136.5  32 1 于都
58906  2536  11548 167.9  32 1 会昌
58907  2509  11524 300.4  32 1 安远
58911  2551  11622 311.2  4 1 长汀
58912  2543  11645 379.5  32 1 连城
58917  2505  11606 307.2  32 1 武平
58918  2503  11625 197.0  16 1 上杭
58921  2558  11721 205.9  8 1 永安
58923  2542  11750 397.6  32 1 大田
58926  2518  11725 203.0  16 1 漳平
58927  2503  11701 373.4  32 1 龙岩
58928  2501  11732 160.9  32 1 华安
58929  2504  11809 66.6  32 1 安溪
58931  2543  11806 1651.1  16 1 九仙山
58932  2552  11856 85.0  32 1 永泰
58933  2655  11859 871.0  32 1 屏南
58934  2520  11816 170.3  32 1 永春
58935  2529  11814 516.8  32 1 德化
58936  2522  11842 77.0  32 1 仙游
58938  2514  11859 22.6  32 1 秀屿
58940  2605  11920 28.7  32 1 福州郊区
58941  2558  11930 11.0  32 1 长乐
58942  2543  11923 39.1  32 1 福清
58944  2531  11947 30.9  16 1 平潭
58946  2527  11900 84.5  32 1 莆田
59001  2447  10520 674.4  32 1 隆林
59004  2430  10506 729.2  32 1 西林
59007  2404  10504 1251.4  2 1 广南
59012  2447  10633 973.4  32 1 乐业
59015  2421  10634 442.2  32 1 凌云
59017  2416  10616 279.0  32 1 田林
59021  2433  10702 507.5  16 1 凤山
59022  2459  10733 695.2  32 1 南丹
59023  2442  10802 258.5  4 1 河池
59025  2432  10723 249.9  32 1 东兰
59027  2408  10715 244.1  32 1 巴马
59031  2450  10815 205.7  32 1 环江
59033  2447  10854 330.0  32 1 罗城
59034  2429  10840 149.8  32 1 宜州
59037  2356  10806 173.6  32 1 都安
59038  2404  10839 142.6  32 1 忻城
59041  2439  10915 109.9  32 1 柳城
59044  2428  10923 99.1  32 1 沙塘
59045  2429  10945 95.5  32 1 鹿寨
59046  2421  10924 96.2  4 1 柳州
59047  2415  10920 101.8  32 1 柳江
59051  2446  11030 133.6  32 1 阳朔
59052  2450  11049 167.5  32 1 恭城
59053  2437  11040 108.6  32 1 平乐
59055  2430  11024 166.9  32 1 荔浦
59057  2408  11011 827.2  32 1 金秀
59058  2412  11031 147.0  16 1 蒙山
59059  2411  11048 107.9  32 1 昭平
59061  2449  11116 198.1  32 1 富川
59063  2511  11127 262.8  32 1 江华
59064  2433  11119 141.5  32 1 钟山
59065  2425  11132 109.9  16 1 贺州
59071  2444  11217 175.9  32 1 连南
59072  2448  11222 129.9  4 1 连州
59074  2434  11209 300.0  32 1 连山
59075  2429  11238 70.4  32 1 阳山
59081  2447  11316 98.3  32 1 乳源
59082  2440  11336 122.3  4 1 韶关
59087  2353  11331 98.2  16 1 佛冈
59088  2411  11325 68.9  32 1 英德
59090  2457  11404 103.8  32 1 始兴
59091  2445  11432 257.1  32 1 全南
59092  2455  11449 207.2  32 1 龙南
59093  2447  11502 254.2  32 1 定南
59094  2422  11407 135.5  32 1 翁源
59096  2422  11429 214.5  16 1 连平
59097  2403  11412 179.0  32 1 新丰
59099  2427  11456 175.0  32 1 和平
59102  2457  11539 302.7  16 1 寻乌
59106  2435  11554 152.0  32 1 平远
59107  2406  11515 98.5  32 1 龙川
59109  2409  11544 126.7  32 1 兴宁
59113  2444  11643 221.7  32 1 永定
59114  2439  11610 131.5  32 1 蕉岭
59116  2420  11642 80.7  32 1 大埔
59117  2416  11606 89.3  4 1 梅县
59122  2437  11745 42.2  32 1 长泰
59124  2431  11722 31.1  32 1 南靖
59125  2423  11718 105.6  32 1 平和
59126  2430  11739 29.4  16 1 漳州
59127  2426  11750 14.7  32 1 龙海
59129  2408  11736 53.8  32 1 漳浦
59130  2444  11809 28.6  32 1 同安
59131  2458  11822 44.9  32 1 南安
59133  2454  11855 22.1  16 1 崇武
59134  2429  11804 138.3  4 1 厦门
59137  2449  11834 55.0  32 1 晋江
59205  2339  10538 688.3  32 1 富宁
59209  2325  10550 794.7  16 1 那坡
59211  2354  10636 176.2  2 1 百色
59213  2344  10655 113.9  32 1 田阳
59215  2320  10637 640.4  32 1 德保
59218  2308  10625 740.2  16 1 靖西
59224  2336  10707 116.7  32 1 田东
59227  2305  10709 438.3  32 1 天等
59228  2319  10735 110.0  16 1 平果
59229  2311  10742 101.3  32 1 隆安
59230  2343  10810 173.9  32 1 马山
59235  2326  10837 116.8  32 1 上林
59237  2310  10817 115.3  32 1 武鸣
59238  2313  10848 123.1  32 1 宾阳
59241  2358  10941 91.3  32 1 象州
59242  2345  10914 85.2  16 1 来宾
59246  2336  10940 70.6  32 1 武宣
59249  2307  10937 56.0  32 1 贵港
59254  2324  11005 43.8  16 1 桂平
59255  2333  11023 37.7  32 1 平南
59256  2322  11055 56.1  32 1 藤县
59264  2324  11130 79.9  32 1 封开
59265  2329  11118 116.5  2 1 梧州
59266  2325  11114 46.0  32 1 苍梧
59268  2315  11132 31.1  32 1 郁南
59269  2309  11146 27.6  32 1 德庆
59270  2355  11211 78.2  32 1 怀集
59271  2338  11226 54.5  16 1 广宁
59276  2321  11239 40.8  32 1 四会
59278  2302  11227 40.7  16 1 高要
59279  2311  11252 18.6  32 1 三水
59280  2343  11305 78.4  32 1 清远
59284  2323  11313 6.7  32 1 花都
59285  2334  11336 39.2  32 1 从化
59287  2310  11320 43.4  1 1 广州
59288  2303  11308 3.6  32 1 南海
59289  2258  11344 43.4  32 1 东莞
59290  2344  11414 71.3  32 1 龙门
59293  2344  11441 41.5  4 1 河源
59294  2320  11350 37.8  32 1 增城
59297  2311  11417 16.4  32 1 博罗
59298  2305  11425 21.8  16 1 惠阳
59303  2355  11545 128.6  16 1 五华
59304  2338  11511 177.4  32 1 紫金
59306  2327  11551 69.1  32 1 揭西
59310  2346  11611 39.1  32 1 丰顺
59312  2340  11638 11.4  32 1 潮州
59313  2341  11659 42.8  32 1 饶平
59314  2318  11608 27.0  32 1 普宁
59315  2335  11623 25.2  32 1 揭阳
59316  2324  11641 7.3  2 1 汕头
59317  2302  11618 14.0  16 1 惠来
59318  2316  11635 10.5  32 1 潮阳
59319  2328  11646 9.0  32 1 澄海
59320  2346  11708 27.8  32 1 诏安
59321  2347  11730 54.4  32 1 东山
59322  2359  11722 20.2  32 1 云霄
59324  2326  11702 7.8  32 1 南澳
59417  2220  10651 129.7  4 1 龙州
59419  2206  10645 243.4  32 1 凭祥
59421  2250  10712 257.8  32 1 大新
59425  2224  10721 107.3  32 1 崇左
59426  2238  10754 92.2  32 1 扶绥
59427  2207  10704 162.6  32 1 宁明
59429  2209  10758 183.9  32 1 上思
59431  2238  10813 122.6  1 1 南宁
59432  2248  10824 203.1  6 1 南宁城区
59435  2246  10829 75.9  32 1 邕宁
59441  2242  10915 78.3  32 1 横县
59446  2225  10918 67.0  16 1 灵山
59448  2216  10933 70.6  32 1 浦北
59449  2218  10959 80.5  32 1 博白
59451  2242  11021 99.4  32 1 北流
59452  2251  11032 100.2  32 1 容县
59453  2239  11010 85.3  16 1 玉林
59454  2255  11100 104.3  32 1 岑溪
59456  2221  11056 83.9  4 1 信宜
59457  2219  11016 120.8  32 1 陆川
59462  2242  11136 60.0  16 1 罗定
59469  2210  11147 33.7  32 1 阳春
59470  2243  11213 33.9  32 1 新兴
59471  2256  11203 102.8  32 1 云浮
59473  2246  11258 20.6  32 1 鹤山
59475  2224  11239 24.3  32 1 开平
59476  2232  11302 35.4  32 1 新会
59477  2211  11218 25.4  32 1 恩平
59478  2215  11247 33.2  16 1 台山
59480  2251  11315 21.0  32 1 顺德
59481  2256  11319 16.7  32 1 番禺
59485  2230  11324 29.9  32 1 中山
59487  2214  11318 12.9  32 1 斗门
59488  2217  11335 45.8  32 1 珠海
59492  2255  11442 43.9  32 1 惠东
59493  2232  11400 59.0  4 1 深圳
59500  2258  11519 10.2  32 1 海丰
59501  2248  11522 16.3  4 1 汕尾
59502  2257  11539 11.0  32 1 陆丰
59626  2132  10758 22.8  16 1 东兴
59631  2147  10821 31.3  32 1 防城
59632  2157  10837 5.8  16 1 钦州
59635  2137  10821 26.7  32 1 防城港
59640  2140  10911 6.6  32 1 合浦
59644  2127  10908 13.1  2 1 北海
59647  2102  10906 54.9  16 1 涠洲岛
59650  2123  11015 25.1  32 1 遂溪
59653  2156  11051 35.3  32 1 高州
59654  2138  11018 28.6  32 1 廉江
59655  2139  11037 35.0  32 1 化州
59656  2126  11046 29.7  32 1 吴川
59658  2109  11018 50.4  4 1 湛江
59659  2145  11055 32.0  32 1 茂名
59663  2150  11158 88.3  4 1 阳江
59664  2132  11059 22.4  16 1 电白
59673  2144  11246 21.7  8 1 上川岛
59750  2055  11006 25.5  32 1 雷州
59754  2020  11011 56.9  16 1 徐闻
59757  2000  11022 10.7  32 1 琼山
59758  2000  11015 64.4  2 1 海口
59838  1906  10837 12.3  4 1 东方
59842  1954  10941 31.6  32 1 临高
59843  1944  11000 36.3  32 1 澄迈
59845  1931  10935 170.3  8 1 儋州
59847  1916  10903 101.1  32 1 昌江
59848  1914  10926 219.3  32 1 白沙
59849  1902  10950 252.7  16 1 琼中
59851  1942  11020 25.2  32 1 定安
59854  1922  11006 119.1  32 1 屯昌
59855  1914  11028 28.0  4 1 琼海
59856  1937  11045 26.2  32 1 文昌
59940  1845  10910 156.7  32 1 乐东
59941  1846  10931 328.5  32 1 五指山
59945  1839  10942 65.9  32 1 保亭
59948  1813  10935 418.3  2 1 三亚
59951  1848  11020 38.4  32 1 万宁
59954  1830  11002 14.9  16 1 陵水
59981  1650  11220 5.4  1 1 西沙
59985  1632  11137 4.6  4 1 珊瑚
