diamond 17 基本站点信息  632
50136 5328 12222 297.3 6 1 漠河                   
50246 5219 12443 358.9 6 1 塔河                   
50349 5142 12420 496.1 6 1 新林                   
50353 5143 12639 178.2 6 1 呼玛                   
50425 5015 12011 582.3 6 1 额尔古纳右旗           
50434 5029 12141 733.4 6 1 图里河                 
50442 5024 12407 372.1 6 1 大兴安岭               
50468 5015 12727 166.9 6 1 黑河                   
50514 4934 11726 662.0 6 1 满州里                 
50527 4913 11945 612.5 6 1 海拉尔                 
50548 4912 12343 287.2 6 1 小二沟                 
50557 4910 12514 243.0 6 1 嫩江                   
50564 4926 12721 235.1 6 1 孙吴                   
50603 4840 11649 555.6 6 1 新巴尔虎右旗           
50632 4846 12155 741.9 6 1 博克图                 
50656 4817 12631 272.0 6 1 北安                   
50658 4803 12553 236.3 6 1 克山                   
50727 4710 11957 1027.8 6 1 阿儿山                
50742 4748 12429 164.7 6 1 富裕                   
50745 4723 12355 147.3 6 1 齐齐哈尔               
50756 4726 12658 240.4 6 1 海伦                   
50758 4710 12554 249.9 6 1 明水                   
50774 4744 12855 245.8 6 1 伊春                   
50775 4722 13020 230.7 6 1 鹤岗                   
50788 4714 13159 65.0 6 1 富锦                    
50834 4636 12113 501.0 6 1 索轮                   
50844 4624 12325 151.2 6 1 泰来                   
50853 4637 12658 180.4 6 1 绥化                   
50854 4623 12519 150.1 6 1 安达                   
50862 4659 12801 213.4 6 1 铁力                   
50873 4649 13017 82.02 6 1 佳木斯                 
50877 4618 12935 101.1 6 1 依兰                   
50888 4619 13211 83.5 6 1 宝清                    
50915 4531 11658 840.0 6 1 东乌珠穆沁旗           
50949 4507 12450 137.8 6 1 前郭尔罗斯             
50953 4545 12646 143.0 6 1 哈尔滨                 
50963 4558 12844 110.0 6 1 通河                   
50968 4513 12758 191.0 6 1 尚志                   
50978 4517 13057 238.1 6 1 鸡西                   
50983 4546 13258 103.5 6 1 虎林                   
51053 4803 8624 534.0 6 1 哈巴河                  
51068 4707 8728 502.0 6 1 福海                    
51076 4744 8805 736.9 6 1 阿勒泰                  
51087 4659 8931 826.6 6 1 富蕴                    
51133 4644 8300 536.6 6 1 塔城                    
51156 4647 8543 1294.2 6 1 和布克赛尔             
51186 4640 9023 1220.0 6 1 青河                   
51232 4511 8235 286.4 6 1 阿拉山口                
51241 4556 8336 1077.7 6 1 托里                   
51243 4536 8451 445.6 6 1 克拉玛依                
51288 4522 9032 1654.7 6 1 北塔山                 
51330 4458 8101 1353.9 6 1 温泉                   
51334 4437 8254 321.2 6 1 精河                    
51346 4426 8440 478.3 6 1 乌苏                    
51356 4419 8603 443.7 6 1 石河子                  
51365 4412 8732 441.0 6 1 蔡家湖                  
51379 4401 8934 794.2 6 1 奇台                    
51431 4357 8120 664.3 6 1 伊宁                    
51437 4309 8108 1854.6 6 1 昭苏                   
51463 4347 8737 918.7 6 1 乌鲁木齐                
51467 4244 8618 1738.3 6 1 巴仑台                 
51477 4321 8819 1104.2 6 1 达板城                 
51495 4329 9138 874.4 6 1 七角井                  
51526 4214 8813 924.0 6 1 库米什                  
51542 4302 8409 2458.9 6 1 巴音布鲁克             
51567 4205 8634 1057.2 6 1 焉耆                   
51573 4256 8912 37.2 6 1 吐鲁番                   
51628 4110 8014 1105.3 6 1 阿克苏                 
51633 4147 8154 1230.0 6 1 拜城                   
51642 4147 8415 977.6 6 1 轮台                    
51644 4143 8304 1082.9 6 1 库车                   
51656 4145 8608 932.7 6 1 库尔勒                  
51701 4031 7524 3507.2 6 1 吐尔尕特               
51705 3943 7515 2177.5 6 1 乌恰                   
51709 3928 7559 1290.7 6 1 喀什                   
51711 4056 7827 1986.0 6 1 阿合奇                 
51716 3948 7834 1117.4 6 1 巴楚                   
51720 4030 7903 1162.5 6 1 柯坪                   
51730 4030 8103 1013.0 6 1 阿拉尔                 
51765 4038 8742 847.1 6 1 铁干里克                
51777 3902 8810 889.3 6 1 若羌                    
51811 3826 7716 1232.0 6 1 莎车                   
51818 3737 7817 1376.3 6 1 皮山                   
51828 3708 7956 1374.7 6 1 和田                   
51839 3704 8243 1409.7 6 1 民丰                   
51848 3756 8339 1264.2 6 1 安德河                 
51855 3809 8533 1248.4 6 1 且末                   
51886 3815 9051 2944.8 6 1 茫崖                   
51931 3651 8139 1423.3 6 1 于田                   
52101 4336 9300 1650.9 6 1 巴里坤                 
52118 4316 9442 1729.5 6 1 伊吾                   
52203 4249 9331 737.9 6 1 哈密                    
52267 4157 10104 941.3 6 1 额济纳旗               
52313 4132 9440 1701.0 6 1 红柳河                 
52323 4148 9702 1770.1 6 1 马鬃山                 
52378 4122 10222 960.0 6 1 拐子湖                 
52418 4009 9441 1139.6 6 1 敦煌                   
52424 4032 9546 1171.8 6 1 安西                   
52436 4016 9702 1527.0 6 1 玉门镇                 
52446 4018 9931 1178.6 6 1 鼎新                   
52447 4000 9854 1271.2 6 1 金塔                   
52495 4010 10448 1325.9 6 1 巴音毛道              
52533 3946 9829 1478.2 6 1 酒泉                   
52576 3913 10141 1511.5 6 1 阿拉善右旗            
52602 3845 9320 2770.05 6 1 冷湖                  
52633 3848 9825 3368.3 6 1 托勒                   
52645 3825 9935 3320.0 6 1 野牛沟                 
52652 3856 10026 1483.7 6 1 张掖                  
52657 3811 10015 2788.5 6 1 祁连                  
52661 3848 10105 1765.9 6 1 山丹                  
52674 3814 10158 1976.5 6 1 永昌                  
52681 3838 10305 1368.5 6 1 民勤                  
52707 3640 9331 2771.5 6 1 小灶火                 
52713 3751 9522 3174.2 6 1 大柴旦                 
52737 3722 9722 2982.4 6 1 德令哈                 
52749 3705 9935 3270.0 6 1 铁卜加                 
52754 3720 10008 3302.4 6 1 刚察                  
52765 3723 10137 2851.0 6 1 门源                  
52787 3712 10252 3043.9 6 1 乌鞘岭                
52797 3711 10403 1631.4 6 1 景泰                  
52818 3625 9454 2809.2 6 1 格尔木                 
52825 3626 9625 2791.4 6 1 诺木洪                 
52836 3618 9806 3192.1 6 1 都兰                   
52842 3647 9905 3088.7 6 1 茶卡                   
52856 3616 10037 2836.0 6 1 恰卜恰                
52866 3643 10145 2295.2 6 1 西宁                  
52868 3602 10126 2238.1 6 1 贵德                  
52876 3619 10251 1814.8 6 1 民和                  
52889 3603 10353 1518.3 6 1 兰州                  
52895 3634 10441 1399.3 6 1 靖远                  
52908 3513 9305 4614.2 6 1 伍道梁                 
52943 3535 9959 3324.3 6 1 兴海                   
52957 3516 10039 3290.4 6 1 同德                  
52974 3531 10201 2492.3 6 1 同仁                  
52984 3535 10311 1918.5 6 1 临夏                  
52986 3522 10352 1887.8 6 1 临洮                  
52996 3523 10500 2450.4 6 1 华家岭                
53068 4339 11158 965.9 6 1 二连浩特               
53083 4437 11409 1182.9 6 1 那仁宝力格            
53149 4232 11008 1226.1 6 1 满都拉                
53192 4401 11457 1127.9 6 1 阿巴嘎旗              
53195 4352 11338 1036.7 6 1 苏尼特左旗            
53231 4124 10624 1510.2 6 1 海力素                
53276 4224 11254 1151.9 6 1 朱日和                
53336 4134 10831 1289.8 6 1 乌拉特中旗            
53352 4142 11026 1377.1 6 1 达尔罕茂明安联合旗    
53362 4132 11141 1490.4 6 1 四子王旗              
53391 4154 11400 1484.6 6 1 化德                  
53463 4049 11141 1065.0 6 1 呼和浩特              
53478 4000 11227 1347.2 6 1 右玉                  
53480 4102 11304 1421.5 6 1 集宁                  
53487 4006 11320 1069.0 6 1 大同                  
53502 3947 10545 1033.0 6 1 吉兰太                
53513 4045 10725 1040.8 6 1 临河                  
53519 3913 10646 1092.2 6 1 惠农                  
53529 3906 10759 1381.3 6 1 鄂托克旗              
53543 3950 10959 1459.0 6 1 东胜                  
53564 3923 11109 861.5 6 1 河曲                   
53588 3902 11332 2897.7 6 1 五台山                
53593 3950 11434 910.3 6 1 蔚县                   
53602 3850 10540 1562.8 6 1 阿拉善左旗            
53614 3829 10613 1112.7 6 1 银川                  
53615 3848 10642 1102.9 6 1 陶乐                  
53646 3814 10942 1058.5 6 1 榆林                  
53664 3828 11108 1013.6 6 1 兴县                  
53673 3844 11243 828.3 6 1 原平                   
53698 3802 11425 81.2 6 1 石家庄                  
53705 3729 10540 1184.9 6 1 中宁                  
53723 3747 10724 1348.9 6 1 盐池                  
53738 3655 10810 1331.1 6 1 吴旗                  
53740 3756 10914 1107.5 6 1 横山                  
53754 3730 11013 928.5 6 1 绥德                   
53764 3730 11106 951.2 6 1 离石                   
53772 3747 11233 779.5 6 1 太原                   
53782 3751 11333 742.6 6 1 阳泉                   
53787 3704 11259 1041.8 6 1 榆社                  
53798 3704 11430 78.0 6 1 邢台                    
53810 3659 10554 1345.2 6 1 同心                  
53817 3600 10616 1752.8 6 1 固原                  
53821 3635 10718 1256.0 6 1 环县                  
53845 3636 10930 958.8 6 1 延安                   
53853 3642 11057 1053.7 6 1 隰县                  
53863 3702 11155 745.8 6 1 介休                   
53898 3607 11422 76.4 6 1 安阳                    
53903 3558 10543 1921.4 6 1 西吉                  
53915 3533 10640 1348.2 6 1 平凉                  
53923 3544 10738 1421.9 6 1 西峰镇                
53929 3512 10748 1206.8 6 1 长武                  
53942 3549 10930 1159.1 6 1 洛川                  
53947 3505 10904 979.7 6 1 铜川                   
53959 3502 11101 375.9 6 1 运城                   
53975 3529 11224 658.8 6 1 阳城                   
54012 4435 11736 996.6 6 1 西乌珠穆沁旗           
54026 4434 12054 265.8 6 1 扎鲁特旗               
54027 4359 11924 485.9 6 1 巴林左旗               
54041 4447 12304 150.5 6 1 通榆                   
54049 4415 12358 190.1 6 1 长岭                   
54063 4458 12600 197.9 6 1 三岔河                 
54094 4434 12936 242.5 6 1 牡丹江                 
54096 4423 13109 497.7 6 1 绥芬河                 
54102 4357 11604 990.8 6 1 锡林浩特               
54115 4336 11804 800.3 6 1 林西                   
54134 4336 12117 242.3 6 1 开鲁                   
54135 4345 12216 180.1 6 1 通辽                   
54142 4330 12332 116.1 6 1 双辽                   
54157 4311 12420 165.4 6 1 四平                   
54161 4354 12513 238.5 6 1 长春                   
54171 4342 12631 228.8 6 1 永吉                   
54172 4357 12668 184.4 6 1 吉林                   
54186 4322 12812 525.8 6 1 敦化                   
54195 4320 12946 242.5 6 1 汪清                   
54208 4211 11628 1247.0 6 1 多伦                  
54213 4257 11902 633.0 6 1 翁牛特旗               
54218 4216 11858 568.0 6 1 赤峰                   
54226 4220 12042 401.6 6 1 宝国图                 
54236 4225 12232 84.2 6 1 彰武                    
54237 4202 12139 144.9 6 1 阜新                   
54259 4206 12455 235.3 6 1 清原                   
54273 4259 12645 263.9 6 1 桦甸                   
54284 4206 12734 775.4 6 1 东岗                   
54285 4232 12815 591.6 6 1 松江                   
54287 4201 12805 2623.9 6 1 天池                  
54292 4253 12928 178.2 6 1 延吉                   
54308 4113 11638 660.8 6 1 丰宁                   
54311 4156 11745 844.0 6 1 围场                   
54324 4133 12027 176.0 6 1 朝阳                   
54326 4123 11942 422.5 6 1 叶柏寿                 
54335 4141 12205 38.2 6 1 黑山                    
54337 4108 12107 70.2 6 1 锦州                    
54339 4105 12300 71.5 6 1 鞍山                    
54342 4144 12327 45.2 6 1 沈阳                    
54346 4119 12347 182.5 6 1 本溪                   
54351 4155 12405 120.4 6 1 章党                   
54363 4141 12554 403.2 6 1 通化                   
54365 4116 12521 242.0 6 1 桓仁                   
54374 4148 12655 332.8 6 1 临江                   
54377 4106 12609 178.6 6 1 集安                   
54386 4221 12810 1017.7 6 1 长白                  
54401 4047 11453 725.8 6 1 张家口                 
54405 4024 11530 541.6 6 1 怀来                   
54423 4058 11756 374.4 6 1 承德                   
54429 4012 11757 55.7 6 1 遵化                    
54436 4024 11857 228.5 6 1 青龙                   
54454 4021 12021 16.3 6 1 绥中                    
54471 4040 12216 4.3 6 1 营口                     
54493 4043 12447 261.5 6 1 宽甸                   
54497 4003 12420 13.9 6 1 丹东                    
54511 3956 11617 54.7 6 1 北京                    
54518 3907 11623 10.6 6 1 坝县                    
54527 3905 11704 3.8 6 1 天津                     
54534 3940 11809 28.6 6 1 唐山                    
54539 3925 11854 12.0 6 1 乐亭                    
54563 3938 12201 119.8 6 1 瓦房店                 
54587 3904 12313 66.4 6 1 海洋岛                  
54952 3553 12051 42.8 6 1 朝连岛                  
54602 3851 11531 18.9 6 1 保定                    
54616 3820 11650 10.8 6 1 沧州                    
54618 3802 11617 14.5 6 1 泊头                    
54624 3822 11721 7.3 6 1 黄骅                     
54662 3854 12138 97.3 6 1 大连                    
54705 3722 11523 28.6 6 1 南宫                    
54714 3726 11619 22.7 6 1 德州                    
54715 3720 11634 19.6 6 1 陵县                    
54725 3730 11732 12.2 6 1 惠民县                  
54736 3726 11840 8.8 6 1 羊角沟                   
54751 3756 12043 43.0 6 1 长岛                    
54753 3737 12019 4.8 6 1 龙口                     
54774 3728 12208 61.3 6 1 威海                    
54776 3724 12241 47.5 6 1 成山头                  
54808 3602 11535 47.0 6 1 朝城                    
54823 3641 11659 57.8 6 1 济南                    
54824 3638 11757 93.7 6 1 淄川                    
54826 3615 11706 1536.5 6 1 泰山                  
54830 3650 11800 34.5 6 1 淄博                    
54836 3611 11809 301.6 6 1 沂源                   
54843 3646 11911 19.3 6 1 潍坊                    
54852 3658 12044 3.6 6 1 莱阳                     
54857 3604 12020 77.2 6 1 青岛                    
54863 3646 12110 63.9 6 1 海阳                    
54868 3616 12123 68.4 6 1 千里岩                  
54906 3515 11526 50.8 6 1 菏泽                    
54909 3504 11535 50.0 6 1 定陶                    
54916 3534 11651 53.0 6 1 兖州                    
54936 3535 11850 108.6 6 1 莒县                    
54938 3503 11821 86.5 6 1 临沂                    
54945 3523 11932 22.8 6 1 日照                    
55228 3230 8005 4279.3 6 1 狮泉河                 
55248 3209 8425 4416.1 6 1 改则                   
55279 3122 9001 4701.0 6 1 班戈                   
55294 3221 9106 4801.0 6 1 安多                   
55299 3129 9204 4508.0 6 1 那曲                   
55437 3017 8115 3901.1 6 1 普兰                   
55472 3057 8838 4673.9 6 1 申扎                   
55493 3029 9106 4201.1 6 1 当雄                   
55569 2905 8738 4001.1 6 1 拉孜                   
55578 2915 8853 3837.0 6 1 日喀则                 
55585 2926 9010 3810.9 6 1 尼木                   
55591 2940 9108 3650.1 6 1 拉萨                   
55598 2915 9146 3553.2 6 1 泽当                   
55664 2838 8705 4301.7 6 1 定日                   
55680 2855 8936 4041.0 6 1 江孜                   
55690 2759 9157 4281.0 6 1 错那                   
55696 2825 9228 3861.0 6 1 隆子                   
55773 2744 8905 4301.2 6 1 帕里                   
56004 3413 9226 4534.3 6 1 托托河                 
56018 3254 9518 4068.5 6 1 杂多                   
56021 3408 9547 4176.4 6 1 曲麻莱                 
56029 3301 9701 3682.2 6 1 玉树                   
56033 3455 9813 4273.3 6 1 玛多                   
56034 3348 9708 4417.5 6 1 清水河                 
56038 3259 9806 4201.0 6 1 石渠                   
56041 3416 9912 4212.1 6 1 中心站                 
56043 3428 10015 3720.0 6 1 果洛                  
56046 3345 9939 3968.5 6 1 达日                   
56065 3444 10136 3501.0 6 1 河南                  
56067 3326 10129 3630.0 6 1 久治                  
56074 3400 10205 3473.2 6 1 玛曲                  
56079 3335 10258 3441.1 6 1 若尔盖                
56080 3500 10254 2910.5 6 1 合作                  
56093 3426 10401 2315.8 6 1 岷县                  
56096 3324 10455 1081.7 6 1 武都                  
56106 3153 9347 4023.8 6 1 索县                   
56116 3125 9536 3874.0 6 1 丁青                   
56125 3212 9629 3645.0 6 1 囊谦                   
56137 3109 9710 3307.1 6 1 昌都                   
56144 3144 9834 3199.3 6 1 德格                   
56146 3137 10000 3394.2 6 1 甘孜                  
56151 3256 10045 3530.0 6 1 班玛                  
56152 3217 10020 3895.8 6 1 色达                  
56167 3059 10107 2958.7 6 1 道孚                  
56172 3154 10214 2665.9 6 1 马尔康                
56173 3248 10233 3492.7 6 1 红原                  
56178 3100 10221 2368.6 6 1 小金                  
56182 3239 10334 2852.1 6 1 松潘                  
56188 3059 10340 707.0 6 1 都江堰                 
56193 3225 10431 877.4 6 1 平武                   
56196 3128 10441 472.3 6 1 绵阳                   
56202 3040 9317 4489.8 6 1 嘉黎                   
56247 3000 9906 2589.1 6 1 巴塘                   
56251 3056 10019 2999.2 6 1 新龙                  
56257 3000 10016 3950.5 6 1 理塘                  
56287 2959 10300 629.4 6 1 雅安                   
56294 3040 10401 507.3 6 1 成都                   
56312 2934 9428 3001.0 6 1 林芝                   
56357 2903 10018 3728.6 6 1 稻城                  
56374 3003 10158 2615.5 6 1 康定                  
56385 2931 10320 3048.6 6 1 峨眉山                
56386 2934 10345 422.1 6 1 乐山                   
56444 2827 9853 3488.0 6 1 德钦                   
56459 2756 10116 2427.3 6 1 木里                  
56462 2900 10130 2993.7 6 1 九龙                  
56475 2839 10231 1660.1 6 1 越西                  
56485 2817 10334 253.9 6 1 雷波                   
56492 2848 10436 341.6 6 1 宜宾                   
56533 2745 9840 1595.7 6 1 贡山                   
56543 2750 9942 3277.1 6 1 中甸                   
56548 2710 9917 2321.5 6 1 维西                   
56565 2726 10131 2545.0 6 1 盐源                  
56571 2754 10216 1592.4 6 1 西昌                  
56586 2721 10343 1950.0 6 1 昭通                  
56651 2652 10013 2394.4 6 1 丽江                  
56664 2638 10116 1242.0 6 1 华坪                  
56671 2639 10215 1788.6 6 1 会理                  
56684 2625 10317 2113.4 6 1 会泽                  
56691 2652 10417 2236.2 6 1 威宁                  
56739 2501 9830 1648.7 6 1 腾冲                   
56741 2559 9849 1803.7 6 1 泸水                   
56748 2507 9910 1655.1 6 1 保山                   
56751 2542 10011 1991.6 6 1 大理                  
56763 2544 10152 1121.1 6 1 元谋                  
56768 2501 10132 1773.0 6 1 楚雄                  
56778 2501 10241 1896.8 6 1 昆明                  
56786 2535 10350 1900.1 6 1 沾益                  
56793 2547 10437 1516.9 6 1 盘县                  
56838 2401 9751 776.4 6 1 瑞丽                    
56856 2428 10052 1163.5 6 1 景东                  
56875 2421 10233 1637.5 6 1 玉溪                  
56886 2432 10346 1705.1 6 1 泸西                  
56946 2333 9924 1105.4 6 1 耿马                   
56951 2357 10013 1464.4 6 1 临沧                  
56954 2234 9956 1054.4 6 1 澜沧                   
56959 2200 10048 553.6 6 1 景洪                   
56964 2240 10124 1302.9 6 1 思茅                  
56966 2326 10159 397.6 6 1 元江                   
56969 2129 10134 633.2 6 1 勐腊                   
56977 2235 10151 1120.8 6 1 江城                  
56985 2323 10323 1301.7 6 1 蒙自                  
56986 2259 10341 1412.1 6 1 屏边                  
56994 2323 10415 1272.9 6 1 文山州                
57006 3435 10545 1142.6 6 1 天水                  
57016 3421 10708 610.3 6 1 宝鸡                   
57034 3415 10813 449.1 6 1 武功                   
57036 3418 10856 398.0 6 1 西安                   
57046 3429 11005 2064.9 6 1 华山                  
57067 3403 11102 569.9 6 1 卢氏                   
57071 3450 11226 324.6 6 1 孟津                   
57077 3347 11136 751.5 6 1 栾川                   
57083 3443 11339 111.3 6 1 郑州                   
57089 3401 11351 67.7 6 1 许昌                    
57091 3446 11423 73.7 6 1 开封                    
57106 3319 10609 797.3 6 1 略阳                   
57127 3304 10702 509.3 6 1 汉中                   
57134 3332 10759 1088.6 6 1 佛坪                  
57143 3352 10958 743.8 6 1 商州                   
57144 3326 10909 693.6 6 1 镇安                   
57156 3318 11130 252.0 6 1 西峡                   
57178 3302 11235 130.7 6 1 南阳                   
57181 3353 11303 137.5 6 1 宝丰                   
57193 3347 11431 53.5 6 1 西华                    
57232 3303 10816 485.0 6 1 石泉                   
57237 3204 10802 674.0 6 1 万源                   
57245 3243 10902 291.2 6 1 安康                   
57251 3300 11025 249.9 6 1 郧西                   
57259 3202 11046 427.1 6 1 房县                   
57265 3223 11140 91.0 6 1 老河口                  
57279 3209 11245 126.8 6 1 枣阳                   
57290 3300 11401 83.3 6 1 驻马店                  
57297 3208 11403 115.1 6 1 信阳                   
57306 3135 10558 385.4 6 1 阆中                   
57313 3151 10646 360.0 6 1 巴中                   
57328 3112 10730 344.3 6 1 达川                   
57348 3103 10930 608.3 6 1 奉节                   
57378 3110 11234 66.2 6 1 钟祥                    
57385 3137 11839 94.6 6 1 广水                    
57399 3111 11501 59.0 6 1 麻城                    
57405 3030 10535 279.5 6 1 遂宁                   
57411 3047 10606 309.7 6 1 南充                   
57426 3041 10748 459.4 6 1 梁平                   
57432 3046 10824 188.8 6 1 万县市                 
57447 3017 10928 458.0 6 1 鄂西                   
57451 3047 11014 1817.9 6 1 绿葱坡                
57458 3012 11039 617.8 6 1 五峰                   
57461 3042 11118 134.3 6 1 宜昌                   
57476 3020 11211 33.7 6 1 荆州                    
57494 3037 11408 27.0 6 1 武汉                    
57504 2935 10503 352.4 6 1 内江                   
57516 2935 10628 260.4 6 1 重庆                   
57522 2945 10725 274.1 6 1 涪陵                   
57545 2931 10925 460.4 6 1 来风                   
57554 2924 11010 322.2 6 1 桑植                   
57562 2935 11122 115.0 6 1 石门                   
57574 2922 11224 35.4 6 1 南县                    
57583 2959 11355 36.3 6 1 嘉鱼                    
57584 2923 11305 53.6 6 1 岳阳                    
57598 2902 11435 147.4 6 1 修水                   
57602 2853 10526 335.0 6 1 泸州                   
57606 2808 10650 972.0 6 1 桐梓                   
57608 2810 10526 379.2 6 1 叙永                   
57622 2857 10709 1906.9 6 1 金佛山                
57633 2850 10846 665.8 6 1 酉阳                   
57649 2819 10944 204.4 6 1 吉首                   
57655 2828 11024 152.3 6 1 沅陵                   
57662 2903 11141 34.6 6 1 常德                    
57669 2823 11113 129.4 6 1 安化                   
57671 2851 11222 35.5 6 1 沅江                    
57682 2843 11335 105.5 6 1 平江                   
57687 2813 11255 65.5 6 1 长沙                    
57707 2718 10517 1514.4 6 1 毕节                  
57713 2742 10653 844.9 6 1 遵义                   
57731 2757 10815 417.7 6 1 思南                   
57745 2727 10941 272.9 6 1 芷江                   
57766 2714 11128 248.2 6 1 邵阳                   
57774 2727 11210 98.4 6 1 双峰                    
57776 2718 11242 1268.0 6 1 南岳                  
57793 2748 11423 128.2 6 1 宜春                   
57799 2707 11458 78.0 6 1 吉安                    
57803 2702 10601 1252.5 6 1 黔西                  
57806 2615 10555 1394.1 6 1 安顺                  
57816 2635 10643 1074.3 6 1 贵阳                  
57825 2636 10759 722.6 6 1 凯里                   
57832 2658 10840 611.0 6 1 三穗                   
57845 2610 10947 396.9 6 1 通道                   
57853 2644 11038 340.1 6 1 武冈                   
57866 2614 11137 173.2 6 1 零陵                   
57872 2654 11236 102.8 6 1 衡阳                   
57883 2643 11358 259.2 6 1 宁冈                   
57902 2526 10511 1379.3 6 1 兴仁                  
57906 2511 10605 567.0 6 1 望谟                   
57916 2526 10646 441.5 6 1 罗甸                   
57922 2550 10733 1012.3 6 1 独山                  
57932 2558 10832 287.4 6 1 榕江                   
57947 2513 10924 122.1 6 1 融安                   
57957 2519 11018 166.2 6 1 桂林                   
57965 2532 11136 191.0 6 1 道县                   
57972 2548 11302 183.8 6 1 郴州                   
57993 2551 11457 124.7 6 1 赣州                   
57996 2508 11419 134.9 6 1 南雄                   
58005 3427 11540 51.0 6 1 商丘                    
58015 3425 11620 50.9 6 1 砀山                    
58027 3417 11709 41.9 6 1 徐州                    
58040 3450 11907 9.8 6 1 赣榆                     
58102 3352 11546 41.8 6 1 毫州                    
58122 3338 11659 36.7 6 1 宿县                    
58138 3259 11831 36.3 6 1 盱眙                    
58144 3336 11902 18.6 6 1 淮阴(清江)              
58150 3346 12015 6.7 6 1 射阳                     
58203 3255 11549 38.6 6 1 阜阳                    
58208 3210 11540 57.9 6 1 固始                    
58215 3233 11647 23.5 6 1 寿县                    
58221 3257 11723 26.0 6 1 蚌埠                    
58238 3200 11848 12.5 6 1 南京                    
58241 3248 11927 10.0 6 1 高邮                    
58251 3252 12019 5.1 6 1 东台                     
58259 3201 12051 5.8 6 1 南通                     
58265 3204 12136 9.6 6 1 吕泗                     
58314 3124 11619 72.7 6 1 霍山                    
58321 3152 11714 36.5 6 1 合肥                    
58338 3109 11835 20.3 6 1 芜湖县                  
58343 3146 11956 5.8 6 1 常州                     
58345 3126 11929 8.1 6 1 溧阳                     
58358 3104 12026 18.7 6 1 吴县东山                
58362 3124 12129 8.2 6 1 上海                     
58402 3044 11540 125.9 6 1 英山                   
58407 3015 11503 20.6 6 1 黄石                    
58424 3032 11703 19.6 6 1 安庆                    
58437 3008 11809 1836.3 6 1 黄山                  
58445 3021 11925 1502.9 6 1 天目山                
58457 3014 12010 43.2 6 1 杭州                    
58464 3037 12105 10.9 6 1 平湖                    
58472 3044 12227 81.2 6 1 嵊泗                    
58477 3002 12206 36.6 6 1 定海                    
58506 2935 11559 1165.3 6 1 庐山                  
58519 2900 11641 40.8 6 1 波阳                    
58527 2918 11712 62.9 6 1 景德镇                  
58531 2943 11817 145.3 6 1 屯溪                   
58549 2907 11939 64.7 6 1 金华                    
58556 2936 12049 107.6 6 1 嵊县                   
58562 2952 12134 5.2 6 1 鄞县                     
58569 2912 12157 128.0 6 1 石浦                   
58606 2836 11555 45.7 6 1 南昌                    
58608 2804 11533 30.4 6 1 樟树                    
58626 2818 11713 51.7 6 1 贵溪                    
58633 2858 11852 67.1 6 1 衢州                    
58634 2841 11815 113.7 6 1 玉山                   
58646 2827 11955 61.8 6 1 丽水                    
58647 2805 11908 199.6 6 1 龙泉                   
58653 2849 12055 1383.6 6 1 括苍山                
58659 2800 12040 7.1 6 1 温州                     
58665 2837 12125 2.2 6 1 洪家                     
58666 2827 12154 84.4 6 1 大陈岛                  
58667 2805 12116 92.9 6 1 玉环                    
58715 2735 11639 81.9 6 1 南城                    
58725 2720 11728 192.4 6 1 邵武                   
58731 2755 11832 274.8 6 1 浦城                   
58737 2703 11819 220.9 6 1 政和                   
58754 2720 12012 37.6 6 1 福鼎
58765 2738 12112 39.3 6 1 北麂                 
58813 2651 11620 141.6 6 1 广昌                   
58820 2654 11710 345.2 6 1 泰宁                   
58834 2639 11810 127.8 6 1 南平                   
58847 2605 11917 85.4 6 1 福州                    
58846 2640 11931 32.9 6 1 宁德                    
58911 2551 11622 311.2 6 1 长汀                   
58918 2503 11625 198.9 6 1 上杭                   
58921 2558 11721 205.9 6 1 永安                   
58927 2506 11702 341.5 6 1 龙岩                   
58931 2543 11806 1651.1 6 1 九仙山                
58944 2531 11947 30.9 6 1 平潭                    
58945 2527 11951 99.99 6 1 平潭                   
59007 2404 10504 1251.4 6 1 广南                  
59021 2433 10702 485.8 6 1 凤山                   
59023 2442 10803 214.3 6 1 河池                   
59046 2421 10924 97.5 6 1 柳州                    
59058 2412 11031 147.0 6 1 蒙山                   
59065 2425 11131 109.3 6 1 贺县                   
59072 2447 11223 98.1 6 1 连县                    
59082 2441 11336 59.8 6 1 韶关                    
59087 2352 11332 68.4 6 1 佛冈                    
59096 2422 11429 214.5 6 1 连平                   
59102 2457 11539 302.7 6 1 寻乌                   
59117 2416 11606 89.3 6 1 梅县                    
59126 2430 11739 29.4 6 1 漳州                    
59133 2454 11855 22.6 6 1 崇武                    
59134 2429 11804 138.3 6 1 厦门                   
59209 2325 10550 794.7 6 1 那坡                   
59211 2354 10636 175.8 6 1 百色                   
59218 2308 10625 740.2 6 1 靖西                   
59228 2319 10735 112.6 6 1 平果                   
59242 2345 10914 85.2 6 1 来宾                    
59254 2324 11005 44.1 6 1 桂平                    
59265 2329 11118 116.5 6 1 梧州                   
59271 2338 11226 55.5 6 1 广宁                    
59278 2303 11228 12.4 6 1 高要                    
59287 2310 11320 4.2 6 1 广州                     
59293 2344 11441 40.8 6 1 河源                    
59298 2305 11425 22.0 6 1 惠阳                    
59303 2356 11546 122.2 6 1 五华                   
59316 2324 11641 7.3 6 1 汕头                     
59317 2302 11618 13.9 6 1 惠来                    
59327 2324 11706 99.99 6 1 云澳                   
59417 2220 10651 129.7 6 1 龙州                   
59431 2249 10821 73.7 6 1 南宁                    
59446 2225 10918 66.0 6 1 灵山                    
59453 2239 11010 85.3 6 1 玉林                    
59456 2221 11056 83.9 6 1 信宜                    
59462 2246 11134 57.8 6 1 罗定                    
59478 2215 11247 32.8 6 1 台山                    
59493 2233 11406 40.0 6 1 深圳                    
59501 2247 11522 5.5 6 1 汕尾                     
59505 2239 11534 99.99 6 1 遮浪                   
59626 2132 10758 22.8 6 1 东兴                    
59632 2157 10837 5.5 6 1 钦洲                     
59644 2127 10908 13.1 6 1 北海                    
59647 2102 10906 54.9 6 1 涠洲岛                  
59658 2113 11024 29.4 6 1 湛江                    
59663 2152 11158 22.0 6 1 阳江                    
59664 2130 11100 13.2 6 1 电白                    
59673 2144 11246 17.7 6 1 上川岛                  
59752 2054 11037 99.99 6 1 硇洲                   
59754 2020 11010 69.0 6 1 徐闻                    
59758 2002 11021 18.0 6 1 海口                    
59792 2040 11643 6.0 6 1 东沙岛                   
59838 1906 10837 8.0 6 1 东方                     
59845 1931 10935 168.8 6 1 儋县                   
59849 1902 10950 248.6 6 1 琼中                   
59855 1914 11028 24.1 6 1 琼海                    
59948 1814 10931 7.0 6 1 三亚                     
59954 1830 11002 11.5 6 1 陵水                    
59981 1650 11220 5.4 6 1 西沙                     
59985 1632 11137 4.6 6 1 珊瑚岛                   
59995  923 11253 8.0 6 1 永署礁                   
59997 1023 11422 5.0 6 1 南沙岛                   
52833 3655  9829 2951.0 6 1 乌兰                 
53399 4109 11442 1394.2 6 1 张北                 
54623 3900 11743   10.8 6 1 塘沽区               
54646 3827 11825   19.8 6 1 平台                 
55655 2811  8558 3811.0 6 1 聂拉木               
56227 2952  9546 2737.0 6 1 波密                 
56434 2839  9728 2331.2 6 1 察隅                 
58660 2851 12108    8.9 6 1 台州                 
58760 2750 12109   68.8 6 1 洞头                 
58926 2518 11724  203.0 6 1 漳平                 
